10 0.2214661671875 0.0790924859375 0.217000103125 0.1592777734375 0.23111830000000003 0.17260821875000001 0.2496128078125 0.17711278125000002 0.261992409375 0.1679637609375 0.290648246875 0.10904255781250001 0.289419240625 0.094573903125 0.2827767921875 0.0871813890625 0.25129117343749996 0.0822128734375 0.2214661671875 0.0790924859375
10 0.28873014375 0.22928190312500002 0.3158274859375 0.2525908890625 0.35581401874999996 0.274761665625 0.3927128859375 0.1901778859375 0.3595905890625 0.16433206718749999 0.346281753125 0.1685762140625 0.28873014375 0.22928190312500002
10 0.21112513125 0.20276090937500002 0.2181690734375 0.138843209375 0.2178693015625 0.12927942812499998 0.20489015781250003 0.1193008890625 0.1857661890625 0.11945523281249999 0.14341179531249998 0.16194005312499998 0.1324710171875 0.1840047578125 0.13930533750000001 0.20411618437499998 0.191791340625 0.20446822187499997 0.194579040625 0.2191828421875 0.20279215156250002 0.2173067359375 0.21112513125 0.20276090937500002
10 0.1954183234375 0.212970965625 0.1946989109375 0.2065131234375 0.18399787343750001 0.2032383921875 0.142632546875 0.2030551484375 0.1193420875 0.21048240625 0.11994163124999999 0.22960996718749999 0.13136208124999998 0.2393425421875 0.1418233796875 0.2679567109375 0.14542044375000002 0.30024592499999997 0.1903227984375 0.2978151625 0.1954183234375 0.212970965625
10 0.1700593796875 0.129665290625 0.13085209375 0.06637941875 0.1072618625 0.0642428953125 0.091345234375 0.0760059234375 0.0898166546875 0.13444964375 0.09281417343750001 0.1476112953125 0.107142190625 0.1593887703125 0.13789643125 0.16741403125 0.1668221234375 0.1418430765625 0.1700593796875 0.129665290625
10 0.4000869140625 0.276989809375 0.43995377500000005 0.3943064625 0.49058131562499996 0.3848487515625 0.4933987328125 0.2933007484375 0.48647446250000004 0.2620725734375 0.4351275109375 0.2650724390625 0.4000869140625 0.276989809375
10 0.242419871875 0.6073912906250001 0.2628027625 0.5979191312500001 0.2704462484375 0.55312899375 0.2569575125 0.5351396421875 0.25998495 0.524514825 0.2488941875 0.5005595609375 0.2099268375 0.4944104078125 0.19775705625 0.502006459375 0.19335082812499998 0.5346188109375001 0.1990460953125 0.5513783328125 0.1987764390625 0.6005042375 0.2167314375 0.620784459375 0.2309695046875 0.621445184375 0.242419871875 0.6073912906250001
10 0.4761336265625 0.46821714999999997 0.46866984531250006 0.45276463125 0.452153671875 0.445400096875 0.4156742484375 0.44440178281250003 0.38737801875 0.4653138296875 0.38662868906250003 0.48264245624999996 0.40332476406250006 0.512240490625 0.41864204843749997 0.5638260578125001 0.4620156265625 0.5373628609375001 0.466811578125 0.525431040625 0.4761336265625 0.46821714999999997
10 0.5885698125000001 0.6493260546874999 0.605745365625 0.6282452140625 0.6058652328125 0.6155754953125 0.5693856109375 0.532101025 0.5442666046875 0.5059320671875 0.5206763750000001 0.5037955453125 0.5022718171875 0.5104077328125001 0.47313630624999997 0.53753165625 0.46843030625 0.560580225 0.5008032734375 0.603754671875 0.5372527796875 0.6285394531249999 0.5680070171875 0.6365647140624999 0.5885698125000001 0.6493260546874999
10 0.581705575 0.6530010984375 0.5728929203125 0.63574964375 0.48935290625 0.6178085656250001 0.47199745000000004 0.61665590625 0.4615961859375 0.62294495625 0.4520042828125 0.6468085968749999 0.46195599062500003 0.667411953125 0.49360954375 0.7041285562499999 0.510965 0.705281215625 0.578648221875 0.687412384375 0.581705575 0.6530010984375
10 0.5051500625 0.78366756875 0.518908453125 0.7525310140625 0.5165403953125 0.73471045625 0.46456378593750003 0.659893075 0.437886084375 0.63347815 0.4174132421875 0.6318335609375 0.3799746671875 0.649716840625 0.367055559375 0.6746415203125 0.3683745140625 0.700226921875 0.3910955453125 0.732361790625 0.4323410015625 0.745214753125 0.46837086718750004 0.773105475 0.5051500625 0.78366756875
10 0.4410637046875 0.75134945625 0.413426853125 0.743816128125 0.3851904578125 0.7171552375 0.3736501390625 0.7200923828125 0.3527277390625 0.7453401984375 0.39208481093750003 0.7721698828125 0.43021288125 0.7845309125 0.4445408984375 0.7963083890625 0.47241748906250003 0.7785022796875001 0.4732567703125 0.772290403125 0.4410637046875 0.75134945625
10 0.357194 0.747631065625 0.332344846875 0.7548123578125 0.31516929375 0.7758931984374999 0.343255903125 0.839010275 0.35446653281249996 0.8502958203125001 0.369843653125 0.8543084500000001 0.411958309375 0.8371630671875 0.4240381375 0.8184502671875 0.357194 0.747631065625
10 0.947637871875 0.2539553625 0.9030652078125 0.2421634375 0.84653258125 0.2364145953125 0.8343628015625001 0.244010646875 0.8300764421875 0.26395327968750004 0.8778265296875001 0.3111403546875 0.9406838828125 0.32898981250000003 0.9564206093750001 0.2949932859375 0.9601973765625 0.2670398421875 0.947637871875 0.2539553625
10 0.30569646875 0.4571824984375 0.31798611875 0.43691672812500004 0.318645496875 0.40847135156250003 0.266219328125 0.360546378125 0.2488638734375 0.35939371875 0.2333668859375 0.3680508078125 0.22524372499999998 0.3810436640625 0.22605308906250002 0.39861825624999997 0.248893990625 0.41808340624999996 0.2483544796875 0.4338590625 0.2705958375 0.4341966515625 0.30569646875 0.4571824984375
10 0.161757109375 0.45032927031250003 0.1358588546875 0.4652754078125 0.13043344375000002 0.481866134375 0.1025867703125 0.47588577499999996 0.0983604453125 0.5307316265625001 0.1399355921875 0.5293618999999999 0.18537745781249998 0.5111554796875 0.1872658390625 0.497178759375 0.161757109375 0.45032927031250003
10 0.028308968750000003 0.44830374375000004 0.0182373921875 0.4403701046875 0.013561309375 0.43963220625000005 0.010721728125 0.4606491484375 0.011454815625 0.492145553125 0.0159894015625 0.4923559828125 0.024112559375000002 0.479363125 0.028308968750000003 0.44830374375000004
10 0.87488904375 0.332881921875 0.8751287812499999 0.307542484375 0.8229124328124999 0.258064540625 0.787152421875 0.26352406875 0.7728844375 0.2866498125 0.7717154671875 0.3070843765625 0.8194055203125 0.319368234375 0.8357118734375 0.3282857375 0.8431756531250001 0.34373825625 0.8669757062500001 0.344321809375 0.87488904375 0.332881921875
10 0.81059266875 0.21964062499999998 0.7688077015625 0.22256331875000002 0.7504930953125 0.2402922546875 0.7481850703124999 0.257374915625 0.7699768703125 0.284604909375 0.7953655328125 0.2616479609375 0.8240514875 0.26141644375 0.822312890625 0.2389369796875 0.81059266875 0.21964062499999998
10 0.7721349109375 0.22150228125 0.799681809375 0.21791886093750001 0.817966496875 0.22397639218749998 0.8354418203125 0.21245933125 0.8036683968749999 0.1884124484375 0.8039980859375 0.1741897609375 0.7816368609375 0.18652189218749998 0.74359874375 0.1852776109375 0.7265430609375 0.19368873281250001 0.7241151671875 0.22344111249999998 0.738323315625 0.24788830625 0.7480951203124999 0.24625816718750002 0.7564281 0.23171234062499999 0.7721349109375 0.22150228125
10 0.8089143046875 0.3145405328125 0.7808578109375001 0.31011314218749997 0.7659902828125 0.314111321875 0.7556191328125 0.3790900578125 0.7565184484375 0.4077814015625 0.802230165625 0.4229252296875 0.84182678125 0.34193932031249996 0.8357118734375 0.3282857375 0.8089143046875 0.3145405328125
10 1 0.345352584375 0.9650535578125 0.372487396875 0.9958977484375 0.39162940625 1 0.4007890625 1 0.345352584375
10 1 0.39794502187499997 0.9934098234375 0.386478565625 0.9755447765625 0.377315096875 0.9386457125 0.37942272187500004 0.9185625921874999 0.3984586609375 0.914276234375 0.41840129218750005 0.9404443421875 0.43680540468749995 0.9530937953124999 0.4610066328125 0.9965274093750001 0.46944665468749996 1 0.458265990625 1 0.39794502187499997
10 0.89877924375 0.42705838125 0.905253759375 0.4027028078125 0.9011171859375 0.3861892515625 0.8755785390625 0.3631262328125 0.8488709218749999 0.360497778125 0.81964545625 0.37650495156249997 0.8071459890625 0.398323690625 0.802230165625 0.4229252296875 0.8162584140625 0.425138925 0.8453340890625001 0.44558793906250005 0.8744396828125 0.442250484375 0.89877924375 0.42705838125
10 0.929863371875 0.503337109375 0.9485976171875 0.48250223437499995 0.9503061 0.4462920125 0.9383760562499999 0.4285486265625 0.920511009375 0.41938515781249996 0.901387040625 0.41953950156250003 0.8783963515625001 0.436530540625 0.86197013125 0.4402827546875 0.8556154859375 0.451968609375 0.8554956171875 0.46463832812500006 0.8660767859374999 0.48058277968749996 0.8994089031250001 0.5048756296875 0.929863371875 0.503337109375
10 1 0.470499015625 0.9595383937499999 0.4604375296875 0.9517449234375001 0.4592076984375 0.942872434375 0.48952918125 0.9214404406250001 0.5067661859375 0.9420931859375001 0.5306442765625 0.9676617500000001 0.5299208281250001 0.9664028281249999 0.5392386421875 1 0.5559728171875 1 0.470499015625
10 0.887329075 0.5235884296875 0.8860101171875 0.49800302656250006 0.8552857984375001 0.46619129687500005 0.8329844062499999 0.430950490625 0.8135606640624999 0.42154105468749997 0.789131153125 0.4256164078125 0.776751553125 0.43476542812499996 0.7626933874999999 0.4563382015625 0.760265496875 0.48609058125000004 0.7842454484375 0.5089076359375 0.8530078874999999 0.5419636437500001 0.867455775 0.5410714015625 0.887329075 0.5235884296875
10 0.7427002203125 0.486490890625 0.708648690625 0.4557402 0.6704306703125 0.43226241875 0.6546638265625 0.40756925937500005 0.635030265625 0.3997127921875 0.63137336875 0.41499651562500006 0.665125325 0.518659584375 0.6877863234375 0.515891234375 0.6870070734375 0.5570063281250001 0.6963592390625 0.558482125 0.7144939421875 0.5185196890625 0.7406020171875001 0.5020205828125001 0.7427002203125 0.486490890625
10 0.9486277328125 0.541191921875 0.9305827843750001 0.5097949515625 0.8953622828125001 0.4994788234375 0.8828927312499999 0.49751109375 0.8789061437499999 0.5270175078125 0.8455141906250001 0.5502975953125 0.8407182375 0.5622294140624999 0.8719820703125001 0.5782654875000001 0.8910761218750001 0.6018976109375 0.939665290625 0.56039665625 0.9486277328125 0.541191921875
10 1 0.5681473687499999 0.99029283125 0.5509389453125 0.9757549937500001 0.5407144390624999 0.9550723296875001 0.5406228171875 0.887449140625 0.5933948671875 0.8907464328125 0.6161202984374999 0.953393965625 0.6355227250000001 0.9575604546875001 0.6282498125 1 0.6197119375 1 0.5681473687499999
10 0.887808946875 0.6378618656249999 0.8872393203125 0.5949478359375 0.869913784375 0.5700087093749999 0.8518389171875 0.562398209375 0.8276192265625 0.5649205921875 0.78382600625 0.594489728125 0.779449696875 0.6033156109375 0.7934779421875 0.60552930625 0.8262705515625001 0.6455978140624999 0.8412280296875 0.6527163828125 0.875938940625 0.6550216984375 0.887808946875 0.6378618656249999
10 0.9588494937500001 0.677621684375 0.9632557203125 0.645009334375 0.9399951796874999 0.6286501234374999 0.9016572921874999 0.6178420625000001 0.8836723750000001 0.6213483109375 0.8779172734375 0.6521617281250001 0.9086415953125 0.6839734562500001 0.910170371875 0.708005890625 0.921590821875 0.717738465625 0.9319021359375 0.7003326671875 0.9436522765625 0.6958425546875 0.9588494937500001 0.677621684375
10 1 0.6270164921875 0.9788725796875 0.6236825265625 0.9557919390625 0.629556815625 0.9547428375000001 0.6373216609375 0.9630459 0.646562303125 0.9613673374999999 0.6589860546875 0.991372246875 0.6843399421874999 0.9968126171874999 0.65585598125 1 0.6322648140625 1 0.6270164921875
10 0.9909561609375 0.6992020890624999 0.9679918375 0.68065045 0.9553124640625 0.6802356921875 0.9407447093749999 0.6937976531250001 0.93139254375 0.69232185625 0.91214870625 0.70514591875 0.9160754578124999 0.7232124437499999 0.8854712031249999 0.7612071499999999 0.8891881343750001 0.78082664375 0.9055844375 0.8008608984375 0.9211713781249999 0.8033205593750001 0.9816414390625001 0.768144275 0.9909561609375 0.6992020890624999
1 0.270416528125 0.65939161875 0.329976590625 0.65451564375 0.4236480171875 0.632817425 0.449935996875 0.63855181875 0.46648208750000003 0.6221298828124999 0.4968466046875 0.6094746140625 0.49810552656249996 0.6001567999999999 0.47247692656250007 0.5659770296875 0.4680405828125 0.53989969375 0.4436110703125 0.5439750484375 0.3912750515625 0.589642978125 0.3438847703125 0.5869229015624999 0.24149063750000002 0.6024864156249999 0.22941081093750001 0.6211992171875 0.22938089218750002 0.6449856875 0.23768395468749998 0.6542263296875 0.270416528125 0.65939161875
10 0.5554301578125 0.885180584375 0.5467254046875001 0.8647739984375 0.525742971875 0.8551185953125 0.48614615937499994 0.8536283499999999 0.46568835000000003 0.8710190828125001 0.5554301578125 0.885180584375
10 0.7118570203125001 0.8797296593749999 0.7279834703125 0.8664136640625 0.7323896984375 0.8338013125 0.695850240625 0.7978997796875 0.6608395609375 0.7860306828125 0.6312243750000001 0.7813573265625 0.6036774734375 0.784940746875 0.606255353125 0.8012083359375 0.5996009359375 0.8033304093750001 0.5977125515624999 0.81730713125 0.6053562343750001 0.85499315 0.6814025531250001 0.8812681781249999 0.7118570203125001 0.8797296593749999
10 0.72579491875 0.70587429375 0.7150338484375001 0.6676963437500001 0.7169222328125 0.653719621875 0.7088289890625 0.642926009375 0.6950105625 0.6391593453125 0.646241490625 0.6584268015625 0.6202233671874999 0.6860426578125 0.6189345281249999 0.7191469406250001 0.6520568250000001 0.744992759375 0.689045840625 0.7540018859375001 0.706101521875 0.7455907640625 0.723277075 0.724509921875 0.72579491875 0.70587429375
10 0.7733046734375 0.5309723390625 0.75283183125 0.5293277484375001 0.6945907250000001 0.559789128125 0.6920429625 0.6022112265625 0.743359996875 0.6229978265625 0.7566688296875 0.6187536796875001 0.7889516453125001 0.5683352203125 0.788561925 0.5476546890625 0.7733046734375 0.5309723390625
10 0.5636610234375 0.7865564390625 0.5562871921875 0.7822206703125001 0.5588050375 0.763585040625 0.537313009375 0.7459188265625001 0.5133031406249999 0.7468882421874999 0.491121815625 0.7814538734375 0.48905372812500003 0.8556732515625001 0.531138465625 0.8623143359375 0.5563773421875 0.8758135749999999 0.5785287484375 0.8650344140625 0.584703490625 0.831115059375 0.5636610234375 0.7865564390625
10 0.618844575 0.7080301906249999 0.6214822890625 0.6767248421875001 0.61536738125 0.663071259375 0.6035272921875 0.6564446234375 0.585542375 0.659950871875 0.5757406515625 0.68536748125 0.542648471875 0.71821135 0.5395911171875001 0.7526226359375 0.5530798531250001 0.7706119890625 0.579697521875 0.76212369375 0.5847332109375001 0.7248524359374999 0.618844575 0.7080301906249999
10 0.6914735359375 0.6417733515624999 0.67954349375 0.624029965625 0.628796084375 0.64615739375 0.5903383265625 0.648019053125 0.5824249874999999 0.659458940625 0.607154271875 0.6649473671874999 0.6243898578125 0.67876974375 0.6407261265625 0.6639007796875 0.672229696875 0.6545974140624999 0.6914735359375 0.6417733515624999
6 0.5948039953125 0.402881453125 0.6243292281249999 0.396438059375 0.6661441140625 0.3697288953125 0.67399741875 0.3233857890625 0.6611979781249999 0.2531645921875 0.6509465 0.222997453125 0.6246884390624999 0.193476590625 0.5313467015625 0.20095212187499997 0.5281993953125 0.22424665937500002 0.4934886828125 0.3044174984375 0.49061123125000006 0.36106228281249997 0.4924696984375 0.37087203125 0.505239021875 0.38240354062500004 0.54138875625 0.39762454062499997 0.5948039953125 0.402881453125
6 0.41204687343749996 0.270946728125 0.4689091875 0.2624728828125 0.48407648906249995 0.2680384828125 0.49049116406250004 0.2912558453125 0.49651612187499994 0.29379268125 0.5330852984375001 0.2234315890625 0.537581478125 0.2019359859375 0.6284352875 0.18930961562499998 0.6296942109375 0.1799918015625 0.6170447546875 0.1557905734375 0.5737991359375 0.1331055046875 0.5521191171875001 0.12968433906250001 0.4826973 0.1250737046875 0.3847395140625 0.16671455468750002 0.3801533828125 0.17709340625 0.3882466234375 0.1878870171875 0.386358240625 0.20186374062499998 0.351557578125 0.2709178296875 0.37481811875000004 0.287277040625 0.396430015625 0.292273534375 0.40164560781249997 0.2772357765625 0.41204687343749996 0.270946728125
6 0.0366419484375 0.4337579171875 0.0449150921875 0.466785028125 0.08924801875 0.5039163906249999 0.10528451875 0.479483646875 0.11910294531250001 0.4832503109375 0.1357389875 0.477945125 0.140954578125 0.46290736718750003 0.173926890625 0.44273321875000005 0.1795621234375 0.42458952187500004 0.21960849374999997 0.39918736250000003 0.2292003953125 0.37532372187499996 0.24553666562499998 0.36045475625 0.249523253125 0.3309483421875 0.22854081874999999 0.32129294062499997 0.22128685781250002 0.304287453125 0.2107956421875 0.29945975156250004 0.16184666406249998 0.2964937078125 0.10996020312499999 0.315269234375 0.0739004203125 0.31116498125000003 0.05060996250000001 0.3185922390625 0.0413477484375 0.328233190625 0.0291480515625 0.3596157125 0.023572853125 0.4126626265625 0.0366419484375 0.4337579171875
6 0.037181259375 0.3355061046875 0.06017194687500001 0.3185150671875 0.10330578593749999 0.31739130625 0.11682444218750002 0.311594190625 0.12665607968749998 0.26239111249999997 0.11778339374999999 0.2102364390625 0.10375514687500001 0.20802274375000002 0.0771374796875 0.21651103749999998 0.0437455265625 0.23979112656249998 0.039033503125 0.251101759375 0.027968976562499998 0.3329949953125 0.037181259375 0.3355061046875
6 0.41588407031249996 0.44284881406250004 0.4381553453125 0.4193999328125 0.4390245421875 0.3894015875 0.413965371875 0.3156596921875 0.40068645625 0.296117371875 0.34957924375 0.2737778015625 0.31819554375000003 0.2704114484375 0.301139859375 0.2788225703125 0.2543792375 0.3539197421875 0.297153471875 0.3908051390625 0.35272694531250004 0.41543557656249996 0.37005248125 0.440374703125 0.39373266406249996 0.45362797656250003 0.41588407031249996 0.44284881406250004
6 0.23909206875 0.3610238609375 0.2506323890625 0.3580867171875 0.253150234375 0.33945108749999997 0.29592426875 0.29386032812499996 0.30686504375 0.271795621875 0.30491662656249996 0.2508691265625 0.2889399640625 0.22772893437500003 0.311630878125 0.2011741140625 0.31133110625 0.191610334375 0.3010497109375 0.18522966406250002 0.3027282734375 0.1728059109375 0.2861221484375 0.15432462656249998 0.2611531265625 0.1741756375 0.2536295109375 0.20629605624999997 0.20528007812500002 0.22245757500000002 0.1945491234375 0.24296931093750002 0.1923011328125 0.2949551890625 0.20069414531250002 0.31531258125 0.1980863515625 0.322831459375 0.23909206875 0.3610238609375
6 0.21082635156250001 0.60557790625 0.2036023078125 0.5647859484375 0.1445817546875 0.5538862671875 0.08807905 0.5243509562499999 0.0116147984375 0.4990191234375 0.017287601562499998 0.742745853125 0.0349940953125 0.7522998234375 0.0822645078125 0.76768961875 0.1113701015625 0.764352165625 0.16955137343749999 0.7814637234374999 0.2077993125 0.781155034375 0.252611715625 0.767607521875 0.255129559375 0.7489718921875 0.2395125015625 0.6878225453125 0.2338770703125 0.6234900859375 0.21082635156250001 0.60557790625
6 0.30677588437500003 0.5905834953125 0.393762978125 0.59479381875 0.401376546875 0.57379015 0.3961009203125 0.5539246890625 0.3433149453125 0.4615327171875 0.33012598125000003 0.45310714531249996 0.292297684375 0.4503098953125 0.26840768125 0.43860959218750006 0.24823461249999998 0.44652878281249997 0.241040684375 0.4644265140625 0.24565693125000002 0.5127373484375 0.25974521093749997 0.5498542625 0.2736535890625 0.5647376765625001 0.3039881875 0.5758688750000001 0.2996118765625 0.5846947578125 0.30677588437500003 0.5905834953125
6 0.887149765625 0.7487833984375001 0.8117329109375 0.7178494609375 0.7715664734375001 0.6734451859374999 0.7505840390625 0.663789784375 0.7392535390625 0.6651739578125 0.7379946171875 0.6744917734375 0.7399131171875 0.7192047390625 0.7477965375 0.73155131875 0.7520230609375 0.7591816234375 0.7473170609374999 0.7822301953124999 0.75271255625 0.789425934375 0.748426196875 0.8093685671875 0.73188010625 0.8257905015624999 0.7264247765625 0.8661676984375 0.712066840625 0.878176690625 0.690544896875 0.8842969437500001 0.66113953125 0.87807061875 0.65427529375 0.8817456625 0.6403669171875 0.8668622484374999 0.620283796875 0.8858981874999999 0.5996011343750001 0.885806565625 0.5960898046875001 0.8915967859375 0.6488348984375001 0.8999201046874999 0.6528065515625 0.8926164453125001 0.6576025515625 0.9013036640625 0.7374856203125 0.9139094296874999 0.7958465953125 0.87077833125 0.818927234375 0.86490404375 0.8407489484375 0.86834756875 0.8624807125 0.8606743453125001 0.8770484703125 0.8471123828125 0.8893979546875 0.779273675 0.887149765625 0.7487833984375001