7 0.50825840625 0.39505494375 0.49095366562500004 0.386076084375 0.47077405 0.3925451078125 0.39122768125 0.46637326718749994 0.3040616609375 0.5314700171875 0.2843006359375 0.5598736171875001 0.2707916265625 0.5971677046874999 0.2460345796875 0.6151607796875 0.2561382578125 0.6373428046875 0.275703746875 0.657050340625 0.28778919062499997 0.6528967328124999 0.302861146875 0.6346562109375 0.3356844 0.6308384234375 0.36783781875 0.6188548218750001 0.550292 0.469855209375 0.550208328125 0.4520035359375 0.5059696921875 0.40081696874999995 0.50825840625 0.39505494375
9 0.0763927375 0.3985723046875 0.0761135265625 0.428831771875 0.10036808281250001 0.4383762265625 0.11139284218750001 0.4549553015625 0.1703405515625 0.50030914375 0.2846357796875 0.49663274687500003 0.2940975875 0.49415825625 0.3002659328125 0.4851970703125 0.30679715937499996 0.46382808906250006 0.3089749109375 0.2547337625 0.2962196359375 0.2507215546875 0.1889224078125 0.26320166875 0.1862226265625 0.27313337031249996 0.18544115156250002 0.2636065875 0.0897871109375 0.274732440625 0.08705506406249999 0.29291161875 0.0957074328125 0.2974010484375 0.0984147375 0.313573603125 0.1236740484375 0.335366778125 0.12897701718750001 0.366350915625 0.11789632812499999 0.3827532453125 0.0763927375 0.3985723046875
10 0 0.4218159453125 0.0282742453125 0.41790867499999995 0.10466652812499999 0.3897878640625 0.125655584375 0.376354921875 0.126492990625 0.3529002984375 0.12105041406249999 0.3370458953125 0.071229596875 0.2851346546875 0.0705597625 0.2769688421875 0 0.2851758921875 0 0.4218159453125
7 0.074466228125 0.5938978671874999 0.055821593749999995 0.635911159375 0.05838929375 0.6672134468750001 0.073628596875 0.68467626875 0.1114478703125 0.6912690078125 0.161492190625 0.678578409375 0.2019910296875 0.6505106281249999 0.222226578125 0.6110601984375 0.211899621875 0.5861562359375 0.19607415625 0.578379271875 0.1394429015625 0.5780964796875 0.0916872953125 0.5850250546875 0.074466228125 0.5938978671874999
8 0.5984380046875 0.56867569375 0.5679591703125 0.601073828125 0.5566272375 0.631244921875 0.5606742109375 0.6637491015625 0.575913515625 0.6812119234375 0.599023715625 0.693637390625 0.615770259375 0.6958114046875 0.656715653125 0.6731874984374999 0.68674793125 0.6353454875 0.6974100296875 0.5970085796875 0.6956238031249999 0.5752330765625 0.6831197718750001 0.55745210625 0.6508826796875 0.5515840359374999 0.6194270625 0.5552427484375 0.5984380046875 0.56867569375
7 0.9550289125000001 0.270269940625 0.947214175 0.1750021125 0.90913078125 0.1794317234375 0.8486884796874999 0.21943687656250002 0.8043657203125001 0.2850461953125 0.7781293984375 0.3018373734375 0.781618178125 0.3275367078125 0.7918614609375 0.33458900156250004 0.8297087 0.324691040625 0.85354466875 0.3123009171875 0.8902475515624999 0.30528396875 0.9204751390625001 0.2866545984375 0.9278994781250001 0.27617336875 0.9550289125000001 0.270269940625
7 0.7562192640625 0.3208732671875 0.7523398593749999 0.2567486484375 0.7245128515625 0.2036531875 0.700583890625 0.2036885390625 0.6526752015625 0.20926096562500002 0.6525863609375 0.21888897968749998 0.68356745625 0.2262770921875 0.6701421187500001 0.28142285 0.676477809375 0.3081650078125 0.7008160390625 0.3355611328125 0.71823241875 0.3459009609375 0.7311830078125 0.36912580781250004 0.7475946328124999 0.3672169140625 0.7724633187500001 0.3505848078125 0.7562192640625 0.3208732671875
7 0.62760825625 0.212176590625 0.5186232328125 0.22485301875000002 0.518306828125 0.248247040625 0.522744653125 0.2518527234375 0.5393795578125 0.25266576875 0.5767243093750001 0.2703053359375 0.6637504984375 0.2876620984375 0.6705886750000001 0.2868667265625 0.6801900921875 0.269262503125 0.6854932890625001 0.2329228625 0.680273990625 0.2197903953125 0.62760825625 0.212176590625
8 0 0.6132739296875 0.0295295671875 0.6183599656250001 0.0592826328125 0.6107774203125 0.09157565625 0.583664084375 0.0971301 0.53355568125 0.1121183828125 0.49746348749999997 0.10502918593749999 0.444703846875 0.0799931546875 0.425632609375 0.07524838125 0.401453315625 0.0161888046875 0.42206228125 0 0.48179898593750003 0 0.6132739296875
8 0.9360200390625 0.728633696875 0.939344503125 0.73923865 0.9584291703125001 0.7370188453125001 0.972914703125 0.48831185625 0.9690446953125 0.44113341093749997 0.942300925 0.4517383671875 0.8811479468750001 0.49732199843749997 0.8546603828125001 0.5278819421875001 0.84299353125 0.553970128125 0.8603260125000001 0.6137820625 0.8722718468749999 0.6247581875 0.9170407140625001 0.6992403031250001 0.92281820625 0.719177615625 0.9360200390625 0.728633696875
0 0.122221159375 0.7889406265625001 0.08984446093750001 0.7982022890625 0.057104878125 0.8198717484375001 0.0485936125 0.8428449890625 0.1806613265625 0.8274837328125001 0.1790756921875 0.7919453562500001 0.1578913234375 0.786165659375 0.122221159375 0.7889406265625001
8 0.6523064734374999 0.451119778125 0.6213253765625 0.44373166406250003 0.606393025 0.4468424546875 0.5974894109375 0.45612178906249995 0.570834275 0.51830216875 0.547640175 0.5553488078125 0.5564878578125 0.5790508765625 0.5756067890625001 0.5933145375 0.5879155093749999 0.5918828671874999 0.61987361875 0.5606866234375001 0.6467797734375 0.5520612593750001 0.65445535625 0.527811265625 0.6555440078125 0.4905878796875 0.6633032640625001 0.48418955625000004 0.6600377640625 0.46121215937500004 0.6523064734374999 0.451119778125
6 0.6281915203125 0.42644559062500004 0.702015878125 0.43434627031249995 0.723451490625 0.42635720624999995 0.7341972640625001 0.4058719703125 0.7331088375 0.3757715765625 0.7194884140625 0.344380915625 0.7144087234375001 0.3161187171875 0.704974878125 0.30210250625 0.6841533937500001 0.2839150125 0.6650064953125 0.28614205625 0.5198977421875 0.250809903125 0.5211659578125001 0.22455726406249998 0.4986297015625 0.227178534375 0.499411175 0.23670531874999998 0.48922359687499994 0.2639954 0.4907865453125 0.2830489640625 0.48004077343749996 0.3035342015625 0.478533534375 0.318823009375 0.486460134375 0.348128028125 0.4886649515625 0.39183810937499997 0.547333675 0.40012764218749997 0.5874137 0.417449059375 0.6281915203125 0.42644559062500004
6 0.8564743484375 0.6004905218750001 0.8467615203125 0.5494099984374999 0.8762356 0.5047631406249999 0.804030125 0.48293462187499997 0.772797784375 0.4893152734375 0.7437425203125 0.488572928125 0.714966465625 0.45757111874999995 0.673044284375 0.4514556015625 0.6388813609375 0.438941759375 0.65370185 0.5017937796874999 0.6715647859375 0.5175774843750001 0.6662615875 0.5539171234375 0.683566328125 0.5628959828125 0.6951492828125 0.5862799046875 0.6954562328125 0.6068535125000001 0.6853802953125 0.6355045625 0.656715653125 0.6731874984374999 0.6293349765625 0.692859690625 0.6074528078125 0.6954048828125 0.577057871875 0.678330909375 0.5648887578124999 0.6646328484375 0.5595857875 0.6336487109375 0.5756067890625001 0.5933145375 0.55478530625 0.57512704375 0.547863453125 0.5580707453125 0.5647775703125 0.5286243234375 0.566508090625 0.516057453125 0.55637644375 0.5103661296875 0.536196828125 0.516835153125 0.5012242390625 0.5786090078125 0.49028315312500004 0.5798816062500001 0.47325739999999994 0.6079670578124999 0.45137522968750005 0.6105122515625 0.44247161406249996 0.6197915859375 0.43010696406250004 0.654204659375 0.429297521875 0.6611685796875 0.43965244531250003 0.669581840625 0.4301626703125 0.688547034375 0.43295364843749995 0.7225712578125 0.409452596875 0.7390442875 0.410680628125 0.754014946875 0.4382006859375 0.7865368 0.4661115921875 0.79016015625 0.4654207828125 0.79436236875 0.7101135843749999 0.765901296875 0.6970187296875 0.760554634375 0.6937252609375 0.7540679390625 0.7246226859375 0.7436043796875 0.74494190625 0.7220056234375 0.7552411234374999 0.6960765125 0.7927254796875001 0.6985863453125 0.82739089375 0.6835626593749999 0.8371598796875 0.634338 0.852455115625 0.618819415625 0.8564743484375 0.6004905218750001