10 0.782567634375 0.43138798281249996 0.7423190359375 0.42610855625 0.7052975609375001 0.4336753875 0.6282200625 0.4304480875 0.59081343125 0.44904433125 0.5668521796875 0.45102159531249997 0.566595409375 0.4583745375 0.5459254734375001 0.47135982343749994 0.55468479375 0.588932021875 0.5720167171874999 0.67153496875 0.6396462656249999 0.6821686828125 0.7134324484375 0.674387959375 0.8401422984375 0.67732650625 0.8615591968749999 0.695580525 0.8837464046875001 0.6917757203125 0.8991584046875 0.6714695765625 0.9015101812499999 0.6567529999999999 0.8783425921875001 0.5833733109375 0.782567634375 0.43138798281249996
10 0.7774380859375001 0.420390653125 0.8296322843749999 0.504628640625 0.8658834499999999 0.5191206328125 0.9041654265625001 0.5280872234375 0.91602934375 0.504125996875 0.95991356875 0.45792413906249996 0.960491303125 0.441380021875 0.9533309390625 0.43590809531249997 0.773014653125 0.3891727375 0.736249946875 0.38938662812499997 0.7047431765625001 0.396921375 0.694332340625 0.43190132031250006 0.755443453125 0.41868075156250006 0.7774380859375001 0.420390653125
10 0.74378665 0.8524839625 0.9645587078125001 0.851199546875 0.9629130515625001 0.8456955359375 0.9703729796875 0.8425890328125 0.975208821875 0.704108640625 0.9208320734375001 0.682370653125 0.8933227374999999 0.6806928375 0.8708145640625 0.69368881875 0.8532025234375 0.671736940625 0.8385608343750001 0.6699842609375 0.7116584046875001 0.6725604203125 0.6432585453125 0.683985528125 0.6348785218749999 0.713440071875 0.6305367765625001 0.7851419421875 0.74378665 0.8524839625
10 0.13860169218750001 0.6097313390625 0.16878376875 0.587501403125 0.22083208906250001 0.5706578390625 0.2816222390625 0.5666284484374999 0.29690585468749997 0.5499987749999999 0.29953775 0.47463112656249995 0.2928500859375 0.402993425 0.1238608234375 0.40030085 0.10902655624999999 0.40406287812499997 0.1069315515625 0.4114265140625 0.1075209203125 0.6576965703125001 0.140865925 0.6501511265625 0.13860169218750001 0.6097313390625
10 0.0760549921875 0.7166912125 0.11749989999999999 0.740342296875 0.1740358453125 0.7528784125 0.177198775 0.76756290625 0.20522165312500001 0.754534840625 0.2582328640625 0.7101177468750001 0.25487735625 0.700947959375 0.1838281046875 0.68298269375 0.158927315625 0.6592353578125 0.1277415078125 0.65757893125 0.0980729734375 0.665102984375 0.08798310000000001 0.69089175 0.0786635390625 0.69462169375 0.0760549921875 0.7166912125
10 0.32659313437500004 0.8549111234375 0.48763853125 0.8539741875000001 0.4971506703125 0.8447295390624999 0.49792098124999995 0.822670715625 0.4759263515625 0.8209608156250001 0.4597673890625 0.8100276531249999 0.42734442968749997 0.7385396734375 0.4328416421875 0.63374956875 0.3784648953125 0.61201158125 0.3413792265625 0.6214166484375 0.30129985625 0.66392064375 0.2902062515625 0.665823046875 0.24803187499999998 0.71569068125 0.18196043906249998 0.765697340625 0.1815752828125 0.776726753125 0.32659313437500004 0.8549111234375
10 0.5225419546875 0.45679297031250005 0.5143136671875 0.4292729125 0.45416544375 0.4149199515625 0.3455403328125 0.3677675046875 0.2928500859375 0.402993425 0.2948983921875 0.5022260453125 0.30528587812499997 0.5205442312499999 0.3534009578125 0.511074996875 0.367103109375 0.4871030765625 0.429603109375 0.4867394625 0.5225419546875 0.45679297031250005
10 0.3782434125 0.378604415625 0.41791427812500004 0.400427959375 0.5179901390625 0.4292515234375 0.5207679125 0.4549654296875 0.53173313125 0.45673949687500004 0.5431476984375 0.44564591875000004 0.535327915625 0.3537983203125 0.506172921875 0.3466164921875 0.48011666562500005 0.3559573921875 0.4471568140625 0.352473425 0.389786365625 0.363834365625 0.378564375 0.3694132390625 0.3782434125 0.378604415625
10 0.9816514296875001 0.46698698125 0.9447583390625001 0.47087734374999995 0.9024555781249999 0.5244214484375 0.8348902203125 0.511949496875 0.8884091140624999 0.6108826734374999 0.8983472515625 0.64206850625 0.8971917859375 0.6751567421875 0.9754558234375 0.69703543125 0.9834896656250001 0.4669762875 0.9816514296875001 0.46698698125
10 0.327578121875 0.566361084375 0.3261016921875 0.6086404953125 0.3314238203125 0.61412311875 0.441204396875 0.6281873296875 0.465614996875 0.6133424171875 0.49318852656249995 0.6131819984375 0.5203769 0.62405099375 0.5327310062499999 0.6386820125 0.540083946875 0.638639234375 0.5516910937499999 0.62203095 0.5546206015624999 0.59077025625 0.5370727515625 0.5669801421875 0.4423832140625 0.5418009640625 0.3214448390625 0.5314773921875 0.3175115984375 0.538851721875 0.327578121875 0.566361084375
10 0.42416423124999997 0.7477474843749999 0.4498761765625 0.8008958906249999 0.47300292343750006 0.822815684375 0.49170623906250005 0.8135175625000001 0.504381309375 0.81895740625 0.4997419484375 0.846552325 0.48898097656250006 0.8539663781250001 0.598916996875 0.8533267890625 0.5900722484375 0.838675353125 0.6008273984375 0.741206103125 0.6067272578125 0.7301446078125 0.63639579375 0.722620553125 0.6394536875 0.6876833875 0.5814004703125 0.665966790625 0.5622069625 0.636672665625 0.545598653125 0.6386071515625 0.5220867499999999 0.62771676875 0.4614249859375 0.6280696890625 0.4372069625 0.6373998953125 0.4294688671875 0.648472084375 0.41954822187499996 0.722044275 0.42416423124999997 0.7477474843749999
10 0.268818784375 0.5648650749999999 0.21925062343750001 0.5633155921874999 0.18216495625 0.572720659375 0.12757228125 0.60979550625 0.128704396875 0.6300054015625001 0.1517669515625 0.65376343125 0.1719875390625 0.653645790625 0.1837639125 0.6848209296875 0.22604332500000002 0.6845749546875 0.231172875 0.6955722828125 0.26413272499999996 0.6990562515625001 0.3514518296875 0.619520184375 0.327939928125 0.6086298015625 0.3293521640625 0.568188625 0.31719063593749997 0.5480428984375 0.3025489453125 0.5462902203125 0.268818784375 0.5648650749999999
10 0.365329065625 0.4852755359375 0.34933933281249996 0.5221257984375 0.34591963125 0.5147942453125001 0.3221509578125 0.511256803125 0.30299829375 0.5334225734375 0.352630646875 0.5331338203125 0.5063362921875 0.5524560671875001 0.5299123890625 0.561508215625 0.55019716875 0.5595523390625 0.5462464359375 0.46216864687500003 0.5910702015625 0.44169138906249994 0.66327491875 0.4265684203125 0.6636600734375 0.4155390078125 0.6507924265625 0.4156138703125 0.46104568593749995 0.48104294999999997 0.365329065625 0.4852755359375