5 0.271484375 0.7975260421875 0.2649739578125 0.7731119796875 0.251953125 0.7259114578125 0.23893229218749998 0.7535807296875 0.2275390625 0.8317057296874999 0.23404947968749998 0.8723958328125001 0.23404947968749998 0.8805338546874999 0.2600911453125 0.8479817703125001 0.3089192703125 0.8610026046874999 0.3610026046875 0.87890625 0.3626302078125 0.8675130203125001 0.3072916671875 0.8219401046874999 0.271484375 0.7975260421875
5 0.5921223953125 0.8479817703125001 0.5498046875 0.908203125 0.505859375 0.9049479171874999 0.4342447921875 0.8951822921874999 0.4261067703125 0.8951822921874999 0.4847005203125 0.9293619796874999 0.5416666671875 0.9456380203125001 0.5823567703125 0.9244791671874999 0.6002604171875 0.9195963546874999 0.6409505203125 0.8544921875 0.6653645828125 0.771484375 0.6328125 0.7584635421875 0.5921223953125 0.8479817703125001
5 0.37890625 0.8365885421874999 0.3772786453125 0.8365885421874999 0.3658854171875 0.87890625 0.5139973953125 0.9130859375 0.5384114578125 0.9114583328125001 0.5465494796875 0.8577473953125001 0.427734375 0.8756510421874999 0.4212239578125 0.83984375 0.4114583328125 0.8284505203125001 0.37890625 0.8365885421874999
5 0.369140625 0.751953125 0.4440104171875 0.7796223953125 0.5237630203125 0.7763671875 0.5400390625 0.615234375 0.4895833328125 0.6770833328125 0.408203125 0.6266276046875 0.388671875 0.6331380203125 0.3626302078125 0.7552083328125 0.369140625 0.751953125
5 0.3512369796875 0.751953125 0.3479817703125 0.7958984375 0.3951822921875 0.8040364578125001 0.4358723953125 0.8056640625 0.49609375 0.8219401046874999 0.5091145828125 0.7779947921875 0.4537760421875 0.7779947921875 0.3984375 0.76171875 0.358079559375 0.7497608421875 0.3610026046875 0.751953125 0.3512369796875 0.751953125
5 0.3740234375 0.6982421875 0.3740234375 0.693359375 0.3870442703125 0.6298828125 0.4049479171875 0.6217447921875 0.3675130203125 0.5973307296875 0.33984375 0.5517578125 0.2877604171875 0.6070963546875 0.3203125 0.6575520828125 0.3707682296875 0.6901041671875 0.3740234375 0.6982421875
5 0.5481770828125 0.8024088546874999 0.5481770828125 0.8170572921874999 0.408203125 0.830078125 0.3756510421875 0.8333333328125001 0.369140625 0.869140625 0.4065755203125 0.8821614578125001 0.4358723953125 0.8740234375 0.4309895828125 0.8740234375 0.5091145828125 0.8658854171874999 0.5953776046875 0.8479817703125001 0.5888671875 0.8235677078125001 0.5904947921875 0.771484375 0.5595703125 0.771484375 0.5660807296875 0.7975260421875 0.5042317703125 0.8024088546874999 0.5481770828125 0.8024088546874999
5 0.5107421875 0.8040364578125001 0.5628255203125 0.7926432296875 0.5660807296875 0.6917317703125 0.564453125 0.6103515625 0.5416666671875 0.615234375 0.5221354171875 0.7763671875 0.5026041671875 0.7779947921875 0.5091145828125 0.8056640625 0.5107421875 0.8040364578125001
5 0.3317057296875 0.80078125 0.2958984375 0.7958984375 0.2845052078125 0.8072916671874999 0.3675130203125 0.869140625 0.3837890625 0.8170572921874999 0.3317057296875 0.80078125
5 0.2796223953125 0.7470703125 0.2763671875 0.7649739578125 0.2698567703125 0.7893880203125 0.3463541671875 0.7991536453125 0.3463541671875 0.80078125 0.3463541671875 0.8024088546874999 0.3479817703125 0.8024088546874999 0.3479817703125 0.7942708328125 0.369140625 0.6949869796875 0.3186848953125 0.6559244796875 0.2796223953125 0.7470703125
5 0.30078125 0.6298828125 0.2893880203125 0.625 0.2893880203125 0.6477864578125 0.2731119796875 0.6591796875 0.2796223953125 0.6852213546875 0.2535807296875 0.7259114578125 0.2698567703125 0.7682291671875 0.271484375 0.7682291671875 0.271484375 0.7958984375 0.3463541671875 0.7991536453125 0.349609375 0.78125 0.3675130203125 0.6949869796875 0.3365885421875 0.6705729171875 0.30078125 0.6298828125
1 0.5530598953125 0.5322265625 0.5400390625 0.5387369796875 0.5074869796875 0.5192057296875 0.4342447921875 0.4931640625 0.4358723953125 0.4964192703125 0.4114583328125 0.4703776046875 0.3333333328125 0.5501302078125 0.3561197921875 0.5680338546875 0.369140625 0.6005859375 0.4847005203125 0.673828125 0.5335286453125 0.6201171875 0.57421875 0.5550130203125 0.5530598953125 0.5322265625
5 0.5725911453125 0.60546875 0.5693359375 0.6315104171875 0.5904947921875 0.6412760421875 0.6360677078125 0.615234375 0.5188802078125 0.478515625 0.5042317703125 0.4947916671875 0.4895833328125 0.4801432296875 0.4733072921875 0.498046875 0.4765625 0.5029296875 0.5335286453125 0.5354817703125 0.5514322921875 0.5338541671875 0.57421875 0.5550130203125 0.564453125 0.56640625 0.5856119796875 0.5794270828125 0.5725911453125 0.60546875
5 0.5498046875 0.5143229171875 0.6344401046875 0.6070963546875 0.6328125 0.6005859375 0.662109375 0.5582682296875 0.5611979171875 0.4947916671875 0.5498046875 0.5143229171875
5 0.5628255203125 0.7747395828125 0.5872395828125 0.771484375 0.5872395828125 0.7649739578125 0.583984375 0.6380208328125 0.5660807296875 0.6380208328125 0.5628255203125 0.7747395828125
5 0.5677083328125 0.7242838546875 0.5677083328125 0.7666015625 0.5921223953125 0.7763671875 0.5970052078125 0.8186848953125001 0.5970052078125 0.8219401046874999 0.6458333328125 0.703125 0.6181640625 0.6901041671875 0.6214192703125 0.6689453125 0.6018880203125 0.6640625 0.603515625 0.6559244796875 0.5823567703125 0.6559244796875 0.5872395828125 0.7242838546875 0.5677083328125 0.7242838546875
5 0.6197916671875 0.6884765625 0.642578125 0.7047526046875 0.6328125 0.7552083328125 0.6588541671875 0.7666015625 0.6604817703125 0.7666015625 0.6751302078125 0.7096354171875 0.65234375 0.6087239578125 0.59375 0.6315104171875 0.5856119796875 0.654296875 0.6083984375 0.6608072921875 0.6067708328125 0.6705729171875 0.6246744796875 0.6722005203125 0.6197916671875 0.6884765625