0 0.2623007828125 0.34408794375 0.21635866250000002 0.324670140625 0.16979230781250002 0.3199146515625 0.0591334453125 0.32956400625 0.0020323734375 0.34933542968750003 0.0029596906249999997 0.508727515625 0.0068877859375 0.6053456046875 0.15735869687499998 0.9079227421875 0.35549443593749996 0.912544721875 0.36068026249999996 0.9028811093750001 0.3641498328125 0.8381391718750001 0.3108725234375 0.5482511171875 0.29762061093750003 0.40239629531250004 0.2884230625 0.386281790625 0.285183703125 0.36663705625 0.2623007828125 0.34408794375
0 0.3840568578125 0.277213025 0.370023078125 0.262208778125 0.325451775 0.246492171875 0.2532339015625 0.2411383015625 0.17682683593749998 0.25280973125 0.143222078125 0.2667027 0.1291115625 0.279827340625 0.12868641875 0.29938659218749997 0.12385018750000001 0.30049685 0.1185390390625 0.3199421234375 0.18088536093750002 0.3226195703125 0.2460728640625 0.335147878125 0.2736426984375 0.3529140296875 0.285283246875 0.36908552499999997 0.2910153796875 0.39001148125 0.297348940625 0.365697765625 0.3149248703125 0.3477616703125 0.3532165421875 0.32908574375 0.390635121875 0.3189509625 0.3851518484375 0.3041461765625 0.3840568578125 0.277213025
0 0.1353995046875 0.194358909375 0.06382867187499999 0.204920084375 0.031395640625 0.2176173109375 0.01845685625 0.22954621249999999 0.027328803125000002 0.26766843749999997 0.0540255421875 0.293975734375 0.0525779890625 0.3184034265625 0.057911942187499996 0.3295355109375 0.14785506406249999 0.3206259890625 0.1296092859375 0.2920696828125 0.129161334375 0.2810515765625 0.138485390625 0.2702614234375 0.164810915625 0.257421725 0.24468339375 0.240938840625 0.24124494687500003 0.21639717187500002 0.22618875468750002 0.206261365625 0.1891953203125 0.196836896875 0.1353995046875 0.194358909375
0 0.37129435 0.26346150625 0.324230275 0.24646367812499997 0.26056290625 0.24130926718749998 0.199836265625 0.2484541890625 0.14439380625 0.2655069578125 0.1291115625 0.279827340625 0.1274151453125 0.29813386406250003 0.115847178125 0.31376396562500003 0.1173673109375 0.3211378625 0.19681464843750002 0.32421423125 0.25227991250000004 0.33773881875 0.28009860781249996 0.3616261421875 0.2886221515625 0.3911787265625 0.292286653125 0.391264209375 0.296226984375 0.36811774062499997 0.3149248703125 0.3477616703125 0.35800299999999996 0.3267512515625 0.3895131640625 0.3213709359375 0.3841066296875 0.278437259375 0.37129435 0.26346150625
0 0.3004617890625 0.41224715625 0.3017558703125 0.4440772421875 0.323263815625 0.522855640625 0.37387206875 0.83714289375 0.38944879062500004 0.8900983984374999 0.412674640625 0.913878584375 0.5491895890625 0.9170631140625 0.5574414609375 0.9099171703125 0.5677381578125 0.893034340625 0.5787855953125 0.8345845437499999 0.61207104375 0.3926085640625 0.59748976875 0.3641377421875 0.56112056875 0.34005095625 0.4969057046875 0.3214299734375 0.4430601171875 0.317727753125 0.4064648609375 0.3180971546875 0.36039623125000003 0.32558400781249996 0.31258141093749997 0.3501531484375 0.2973987125 0.3669219984375 0.29320952031249997 0.3839473 0.3004617890625 0.41224715625
0 0.399890753125 0.21642873593749998 0.3733661390625 0.22437149843749998 0.3579843484375 0.2362434125 0.3562381609375 0.2533257015625 0.3802430375 0.27345484062500003 0.4040716296875 0.3192644 0.4810261921875 0.321059546875 0.5400066453125001 0.33099691249999996 0.539784746875 0.29552261875 0.5779271031250001 0.27317399062500003 0.5786508796875001 0.26096014375 0.57199588125 0.24735109687499998 0.5643184671875 0.23861049374999999 0.538218996875 0.2269940046875 0.487739278125 0.2160318609375 0.453487478125 0.214009784375 0.399890753125 0.21642873593749998
0 0.3574596609375 0.2533541953125 0.36159908125 0.2351046625 0.3746871859375 0.22684846093750002 0.45338793437499997 0.21156131875 0.453912621875 0.19445053437499998 0.4338211109375 0.18052805 0.39448421875 0.173495059375 0.34562417968750003 0.172355284375 0.304242465625 0.1750591796875 0.2730309359375 0.1877849015625 0.27098611250000004 0.197521784375 0.2787858765625 0.23928821562499997 0.3574596609375 0.2533541953125
0 0.483626825 0.20492827187499998 0.5000040609374999 0.21754103906250002 0.56553996875 0.2386389859375 0.5760585625 0.257230453125 0.5779271031250001 0.27317399062500003 0.6534610734374999 0.2700437046875 0.654211815625 0.228476734375 0.6611426421875 0.21885382656250002 0.659473190625 0.2078072265625 0.6531168234375 0.20154358437500003 0.6159740703125001 0.1884464125 0.55230670625 0.183292003125 0.4903087890625 0.18918419375 0.48327841875 0.196358634375 0.483626825 0.20492827187499998
0 0.7947528515625 0.323485659375 0.78448311875 0.311015365625 0.74831300625 0.2918255171875 0.685369415625 0.2744572609375 0.613201315625 0.270327625 0.5610749515625 0.278896240625 0.542078434375 0.29190690625000004 0.5365681953125 0.30645524375 0.5395089203125 0.318754571875 0.55613501875 0.3374885109375 0.5988605875 0.3678389375 0.608257225 0.38885037968749997 0.6040597203125 0.5257366421875 0.58187979375 0.790626090625 0.5850693812500001 0.80904659375 0.6196695875 0.8196383062500001 0.6416566046875001 0.8201512046874999 0.6694524921875 0.8134611734374999 0.6861553265625 0.8040662203125001 0.70128825625 0.7860731359375001 0.7978926656249999 0.34068192656249996 0.7947528515625 0.323485659375
0 0.8165842609375 0.7704165890625 0.8386210515625001 0.772153721875 0.8664667125 0.766687921875 0.8783830859374999 0.7596274609375 0.894637971875 0.739214403125 0.9362270890625 0.6215464796875 0.9997796390625 0.473794971875 0.9919759609375 0.281850484375 0.9191510171875 0.26156466875 0.8701416609375 0.2567521921875 0.8300312171875 0.2607088140625 0.805225828125 0.280922409375 0.7955264 0.3124960484375 0.7977433484375 0.3370092234375 0.7350776078125 0.6266387812499999 0.7254507609374999 0.6900140125 0.7264462093749999 0.7144986953125 0.7432216234375 0.736905334375 0.775727234375 0.7560097 0.8165842609375 0.7704165890625
0 0.79221861875 0.20111924062500003 0.701678228125 0.19533795468749998 0.6810620296875001 0.198526253125 0.665680240625 0.2103981671875 0.6664765984375001 0.22998591249999997 0.6585731328125 0.24570149375 0.6571255781249999 0.2701291890625 0.7297416296875 0.2852769296875 0.771969475 0.3033850171875 0.7895682125000001 0.3160262796875 0.79889226875 0.3052361265625 0.80604915 0.27115703281250003 0.8227022109375 0.26053784687500003 0.8457614140624999 0.2574065390625 0.84643541875 0.24396845625000002 0.852194515625 0.2355412890625 0.8493035624999999 0.22446619375000001 0.839232921875 0.21689283593750003 0.79221861875 0.20111924062500003
0 0.8628893906249999 0.2284523359375 0.8610934312499999 0.24431038906250002 0.8555334203125 0.25763449375 0.8860709453125001 0.2583468515625 0.9315153421875 0.2655223125 0.9920657015625001 0.28405781406249997 0.9898629578125 0.2298776078125 0.950489053125 0.221934290625 0.8783707250000001 0.2190288890625 0.8628893906249999 0.2284523359375