9 0.6315789890625 0.42785776875000003 0.6439877453125 0.44792750625 0.6560424046875 0.4527667015625 0.656371209375 0.4669093484375 0.7548300765625 0.49918419375 0.7782573953125 0.5262245890624999 0.793192703125 0.51487833125 0.8288752046875001 0.46199070156250005 0.8585434796875001 0.43059502031249997 0.889727503125 0.3710027046875 0.9338505234375001 0.3075907453125 0.9356444921874999 0.2913609640625 0.9409008453125001 0.283967334375 0.931979765625 0.27382164375 0.8684464343749999 0.2494926828125 0.8452467515625001 0.23224335 0.8113067234375 0.2199902125 0.77387901875 0.1978130265625 0.7652361609375 0.1996341921875 0.762304925 0.21364385156250001 0.738424153125 0.26049171718749997 0.6766622250000001 0.35905065937499997 0.6664530296875 0.386892665625 0.65149243125 0.397151028125 0.6315789890625 0.42785776875000003
9 0.308021846875 0.19293880624999998 0.313657590625 0.201863615625 0.33675610312500004 0.21476136562499998 0.40549338593749995 0.1360505203125 0.5134513468749999 0.0299051359375 0.495636596875 0.028867543750000002 0.224697903125 0.0178152921875 0.2162068 0.026163831250000002 0.1915672453125 0.040374821875 0.19285626875 0.049122315625 0.1770113296875 0.068039515625 0.176101696875 0.07561045937500001 0.23041134375 0.12347417499999999 0.25944911406250004 0.1583514828125 0.275926375 0.16663167968749998 0.308021846875 0.19293880624999998
9 0.3622777640625 0.4019279328125 0.38280996875 0.35113944531249996 0.3904542171875 0.32971399218749997 0.23648520624999997 0.244635571875 0.1074407484375 0.1809525890625 0.0897200921875 0.2359315046875 0.06978859062500001 0.3125575171875 0.1439299296875 0.349546428125 0.21671291875 0.386479925 0.330783903125 0.44819352500000004 0.34041882343749996 0.45402087812499997 0.3622777640625 0.4019279328125
9 0.0725052921875 0.3126683375 0.0559574703125 0.37139722656249996 0.0578146453125 0.451278246875 0.058198025 0.456094203125 0.279516621875 0.577884478125 0.336312153125 0.4524947765625 0.26621425 0.414312228125 0.21127951718750002 0.386258284375 0.141276459375 0.35215534531250003 0.0725052921875 0.3126683375
9 0.350654446875 0.48568575625 0.4690217921875 0.5570846765625 0.579333884375 0.6322307406250001 0.609501009375 0.5872696093750001 0.6476601578125 0.5358415890625 0.6340134203125001 0.5325677453125001 0.4081139125 0.38885331875 0.357193271875 0.47508385000000003 0.350654446875 0.48568575625
9 0.5187760515625001 0.5957959374999999 0.46371485312500005 0.5623025140625 0.39074216875 0.5172097953125 0.35201279531249996 0.4857411671875 0.3178970828125 0.535975546875 0.297143565625 0.5772449453124999 0.5173251234375 0.7084989 0.5319192078125 0.694149846875 0.57390048125 0.6320091 0.5187760515625001 0.5957959374999999
9 0.233237846875 0.571920915625 0.16156028125 0.5241638671875 0.0721609234375 0.47296674375 0.058883326562500005 0.4972445515625 0.060849901562499996 0.58183108125 0.06123315781250001 0.586641703125 0.163426759375 0.662815178125 0.233777590625 0.711876684375 0.2640711796875 0.6723550296874999 0.300966825 0.624951209375 0.233237846875 0.571920915625
9 0.0649644921875 0.7588084234375 0.1586911796875 0.8093486546875001 0.192680428125 0.7536747953125 0.22575395 0.7169837015625 0.19662788125 0.6899825546875 0.1580565875 0.665313275 0.11101903125000001 0.6267128343749999 0.0610624328125 0.5909725421875 0.0649644921875 0.7588084234375
9 0.6500675140625 0.872867659375 0.5616471140625 0.8054075109375001 0.46681662656249995 0.8708267296875001 0.57027373125 0.9429760046875 0.6115605890625 0.9093371125 0.6500675140625 0.872867659375
9 0.5109150328125 0.84137826875 0.5618368109375 0.8135667296875001 0.45837970625 0.7414174546875001 0.395738628125 0.79048821875 0.368035275 0.8246812125 0.43102526562500004 0.8489880109374999 0.46406830781249997 0.8693560390625 0.5109150328125 0.84137826875
9 0.2963565734375 0.718505175 0.2685583734375 0.7486185609375 0.3156275484375 0.7885788703125 0.33205421875 0.7946832765625 0.3694252421875 0.8260964921875 0.40234068437500004 0.7826060499999999 0.4329504328125 0.7566830953125 0.45281983906249995 0.735756334375 0.346393103125 0.65261728125 0.2963565734375 0.718505175
9 0.8672082624999999 0.58147915625 0.9016728859375001 0.6046223328125 0.9294406046875 0.6315680703125001 0.950447959375 0.6479128249999999 0.9466477203125001 0.4844564734375 0.9446635999999999 0.4691594390625 0.8929209421875001 0.520033353125 0.8824335281250001 0.5359085078125 0.842125628125 0.553284371875 0.8328701015625001 0.5637754562499999 0.8672082624999999 0.58147915625
9 0.67684378125 0.2734675171875 0.7166142078125 0.2329738671875 0.760333225 0.18720696875 0.772242221875 0.1741069625 0.76623973125 0.14940766562500002 0.7570790515625 0.163978359375 0.69222485625 0.1178582359375 0.6782303390625 0.09962582187499999 0.6591818125 0.09749020625 0.632835678125 0.0733196203125 0.594548928125 0.06088916875 0.6020046171875 0.0897234890625 0.5633396140625 0.11939359062499999 0.5074902875 0.1687414046875 0.45707436562500003 0.2183108625 0.40675329062500004 0.271959925 0.4554021265625 0.3214947359375 0.49552146406249997 0.35437864375 0.517539621875 0.3675040390625 0.5151074625 0.37963204687499996 0.5482137375 0.4027198140625 0.5865941984374999 0.36081088437500003 0.628733553125 0.305469484375 0.6432327875 0.287040821875 0.67684378125 0.2734675171875
9 0.651319659375 0.284653546875 0.6232369171875 0.3025281046875 0.6023885515625 0.33971789218750004 0.573516546875 0.382014696875 0.6040958140625 0.41315086250000005 0.6159731953125 0.3986909875 0.6380229671875 0.41317625468749997 0.6511954671875 0.39605205 0.6671795171875 0.3831182796875 0.6728647125 0.3357998859375 0.6941557015625001 0.3176482765625 0.7109290140625 0.2802922578125 0.7185732625 0.2588668015625 0.731366371875 0.22542416250000002 0.70195689375 0.24460317968749998 0.6822139515625001 0.27096942031250004 0.651319659375 0.284653546875
9 0.45334595312500003 0.17468420625 0.49545369062500005 0.11798293906249999 0.53882493125 0.057257471875 0.5329172890625 0.036637782812500005 0.5165538484375001 0.03325311875 0.492577775 0.052653778124999995 0.468633315625 0.07341430625 0.4302212390625 0.1139633671875 0.3851754875 0.161034725 0.3322325609375 0.218652578125 0.2837418046875 0.17591711875 0.25875401875000004 0.15180194375 0.22552128124999998 0.12327469843750001 0.20751608125 0.16601478593750002 0.23221932343749999 0.1778911328125 0.2709486953125 0.209359759375 0.30819325468750003 0.2353334984375 0.345753971875 0.2749059359375 0.359274246875 0.2727403015625 0.3693190375 0.23782696875 0.3961077984375 0.28103573125 0.4261800734375 0.2319949890625 0.440521228125 0.20676697812499997 0.45334595312500003 0.17468420625
9 0.6433016968749999 0.581855521875 0.653031465625 0.5917624828125 0.6819667015624999 0.5521854187499999 0.70935389375 0.504393725 0.6969390421874999 0.49573581093749997 0.6535361859375 0.5551014078125001 0.6433016968749999 0.581855521875
9 0.646176478125 0.5887656906250001 0.6300659671875 0.5962599843749999 0.609249215625 0.6348096421875 0.6013520390625 0.6453561375 0.585146678125 0.648770821875 0.5828726015625 0.667698178125 0.601636584375 0.657594965625 0.6231804999999999 0.6503223140625 0.6430182906249999 0.628035684375 0.6547059765625 0.605416590625 0.646176478125 0.5887656906250001
9 0.5732376828125 0.6618708265625 0.5455975625 0.6987835625 0.5382694734375 0.7338077140625 0.5648674 0.710438265625 0.5832519921875 0.6840166156249999 0.5732376828125 0.6618708265625
9 0.71431419375 0.5426363109375 0.7148200499999999 0.5643942281250001 0.72616109375 0.5852355593749999 0.740533865625 0.5613674171875 0.7364576765625 0.50278219375 0.719020428125 0.511580946875 0.71431419375 0.5426363109375
9 0.71286099375 0.538501290625 0.6851576453125 0.5726942875 0.65792853125 0.6272853296875 0.6738821015625 0.6714106796875 0.7079978140625001 0.6211762953125 0.7246762796875 0.5797406703125 0.71286099375 0.538501290625
9 0.6693328109375 0.6508463984375 0.6566334125 0.6299496578125 0.6368272390625 0.6535961578125 0.62188538125 0.65298664375 0.593644559375 0.6640618515625001 0.5819884890625 0.6880408140625 0.5757658234374999 0.7122414203125 0.649747946875 0.6840119875 0.6670903499999999 0.6711336265625001 0.6693328109375 0.6508463984375
9 0.8003329140625001 0.565165346875 0.7682372156249999 0.5271744203125001 0.7508632000000001 0.5386929125 0.7418606 0.56006295625 0.7354482375 0.5761043421875 0.7209806171875 0.5958928734375 0.702785721875 0.63047374375 0.7289105484375 0.645125240625 0.748874803125 0.6282780890625 0.76198406875 0.608434146875 0.8003329140625001 0.565165346875
9 0.65928801875 0.68575973125 0.6349325515625 0.6888419531250001 0.6409982750000001 0.716260990625 0.6626686546875 0.71442781875 0.70389228125 0.6780691890625 0.7235087609375 0.6462634671874999 0.70578696875 0.64282339375 0.685949178125 0.6651100234375 0.65928801875 0.68575973125
9 0.5857485171875 0.7330273390625 0.6451997921875 0.7218667015625 0.639323765625 0.70260688125 0.60962974375 0.709547071875 0.579872490625 0.7137675203125 0.5857485171875 0.7330273390625
9 0.6325331484375 0.7607488203125 0.6551824859375001 0.7426526203125 0.6532234328125 0.716759684375 0.6088404796875 0.7339693171875 0.5925402703125 0.7333043921875 0.55962369375 0.7183758421875 0.539722671875 0.7379427328125 0.5683745 0.74454583125 0.6325331484375 0.7607488203125
9 0.744894596875 0.6321914671875 0.732732671875 0.6344125125 0.71447454375 0.6662736437500001 0.7270474765625 0.6817309046875 0.7828335703125 0.6296633500000001 0.77531465 0.5981092921875 0.744894596875 0.6321914671875
9 0.822288975 0.63398999375 0.8410529578125001 0.62388678125 0.8380833265625001 0.6128970015624999 0.8196343687500001 0.5781799203125 0.7781262 0.6022997234374999 0.7864343828125 0.6094315359375 0.7828019546875 0.6283034796875 0.752223821875 0.65558630625 0.7621116703124999 0.6722926171875 0.786340671875 0.6637709171874999 0.807568428125 0.6428995671875 0.822288975 0.63398999375
9 0.8610172109375 0.6070396296875 0.85141504375 0.660991140625 0.873401584375 0.6727566656249999 0.888658465625 0.6285458859374999 0.8743477921875 0.5967147765624999 0.8414944453125001 0.5845059671875 0.8610172109375 0.6070396296875
9 0.8412754031249999 0.6918248625000001 0.80930730625 0.7176924062500001 0.773200921875 0.74067398125 0.7724748921875 0.767815965625 0.8034640296875001 0.75821145 0.8412754031249999 0.6918248625000001
9 0.773137690625 0.7379542421874999 0.7476135687500001 0.749140271875 0.7331459515625001 0.7689288046875 0.7285345624999999 0.804063778125 0.7480257124999999 0.825237571875 0.7806882265625 0.7708681687500001 0.773137690625 0.7379542421874999
9 0.687973734375 0.8105606828124999 0.6662401234375 0.8096741156249999 0.6534458796875 0.784697765625 0.6340507140625 0.8260225718750001 0.733178703125 0.8287076640625 0.7397491453125 0.8194656281249999 0.7321353765625 0.7838319609375 0.7104966125 0.7870250046875 0.687973734375 0.8105606828124999
9 0.8155604515625001 0.6364326796875 0.8266169546875 0.64503518125 0.81628761875 0.6677096859375 0.826175465625 0.6844159984375 0.8460764890625001 0.6648491062499999 0.8447170015625 0.6063747046875 0.8155604515625001 0.6364326796875
9 0.779706996875 0.6702932140625 0.7897213078124999 0.692439003125 0.780212853125 0.6920511312500001 0.7682406234375 0.7024313953125 0.734850940625 0.7255237906249999 0.7502354234374999 0.7451714828125 0.8173625609374999 0.7139452609375 0.8234903812500001 0.6856650453124999 0.8105380578125001 0.6538893453125 0.779706996875 0.6702932140625
9 0.76751345625 0.671154390625 0.7562672578125 0.6543926671875 0.7297957953124999 0.68320159375 0.720255721875 0.6814538531250001 0.7125482421875 0.7001595671875 0.6844654984375 0.718034125 0.6932795390625001 0.746923853125 0.73030165 0.7049595125 0.758194696875 0.678925734375 0.76751345625 0.671154390625
9 0.6550571578125 0.795632134375 0.670378409375 0.8125600859375 0.685983065625 0.783307875 0.6963440171874999 0.76199324375 0.687877753125 0.74806208125 0.6690821546875 0.7568054234375 0.6550571578125 0.795632134375
9 0.7234794156250001 0.7617415828125 0.7071475921875 0.7597167859375 0.6936273140625 0.761882421875 0.6690200578125001 0.8125046749999999 0.6827616437499999 0.8198581296875 0.7234794156250001 0.7617415828125