10 0.5816666671874999 0.2267708328125 0.64 0.18843749999999998 0.6283333328125 0.1501041671875 0.6116666671875 0.1367708328125 0.58 0.12677083281249998 0.49833333281250003 0.12677083281249998 0.4266666671875 0.1284375 0.4016666671875 0.1417708328125 0.3883333328125 0.1767708328125 0.43333333281249997 0.2301041671875 0.4733333328125 0.2367708328125 0.5066666671875 0.22510416718749998 0.5816666671874999 0.2267708328125
10 0.3233333328125 0.3301041671875 0.445 0.3217708328125 0.4533333328125 0.3151041671875 0.4516666671875 0.3017708328125 0.4766666671875 0.2734375 0.515 0.2567708328125 0.4883333328125 0.2367708328125 0.44166666718750003 0.2351041671875 0.4166666671875 0.2184375 0.38 0.21677083281249998 0.2816666671875 0.22510416718749998 0.255 0.2567708328125 0.26 0.28177083281250004 0.2533333328125 0.30343749999999997 0.29333333281249996 0.3101041671875 0.305 0.32677083281249997 0.3233333328125 0.3301041671875
10 0.53 0.2601041671875 0.6616666671875 0.2484375 0.72 0.26510416718749996 0.75 0.2584375 0.745 0.2367708328125 0.7233333328125 0.2117708328125 0.6783333328125 0.19677083281250002 0.65 0.19677083281250002 0.615 0.2034375 0.5883333328125 0.2234375 0.5516666671875 0.23177083281250002 0.5133333328125 0.23177083281250002 0.5016666671875 0.2451041671875 0.5016666671875 0.2567708328125 0.53 0.2601041671875
10 0.6916666671875 0.35343749999999996 0.7233333328125 0.3201041671875 0.7483333328125 0.30843750000000003 0.7483333328125 0.2967708328125 0.7283333328125 0.26677083281249997 0.6666666671875 0.2451041671875 0.6416666671875 0.2451041671875 0.48333333281249996 0.26677083281249997 0.465 0.28010416718750003 0.45 0.3101041671875 0.4966666671875 0.3617708328125 0.52 0.3767708328125 0.54 0.3784375 0.6916666671875 0.35343749999999996
10 0.335 0.3851041671875 0.3516666671875 0.3751041671875 0.4033333328125 0.3651041671875 0.3916666671875 0.3401041671875 0.37333333281250003 0.32677083281249997 0.315 0.3284375 0.2883333328125 0.3067708328125 0.1916666671875 0.3051041671875 0.1716666671875 0.3117708328125 0.15 0.3351041671875 0.14666666718750002 0.3567708328125 0.1583333328125 0.3884375 0.1983333328125 0.4067708328125 0.3183333328125 0.4067708328125 0.335 0.3851041671875
10 0.3866666671875 0.4984375 0.5433333328125001 0.4767708328125 0.5566666671875 0.4717708328125 0.5916666671875 0.43510416718749995 0.6216666671875 0.4267708328125 0.62 0.4101041671875 0.5833333328125 0.3801041671875 0.5283333328125 0.3801041671875 0.495 0.3651041671875 0.4533333328125 0.36343749999999997 0.3516666671875 0.3734375 0.32999999999999996 0.3884375 0.3116666671875 0.4251041671875 0.33999999999999997 0.46677083281250004 0.37 0.4767708328125 0.37666666718749997 0.4951041671875 0.3866666671875 0.4984375
10 0.7633333328125 0.2567708328125 0.7283333328125 0.2617708328125 0.7483333328125 0.3017708328125 0.7466666671875 0.31677083281249996 0.8133333328125 0.3317708328125 0.8400000000000001 0.30843750000000003 0.8216666671875 0.2784375 0.7633333328125 0.2567708328125
10 0.075 0.5267708328125 0.135 0.5167708328125 0.18 0.5067708328125 0.2316666671875 0.48510416718749994 0.22999999999999998 0.4734375 0.2683333328125 0.4484375 0.2683333328125 0.41510416718750004 0.25666666718750003 0.4017708328125 0.21833333281249998 0.4067708328125 0.195 0.39177083281249997 0.1616666671875 0.3884375 0.0416666671875 0.41677083281250005 0.031666667187500004 0.42843749999999997 0.015 0.48343749999999996 0.0033333328125 0.49343750000000003 0.0033333328125 0.5017708328125 0.0433333328125 0.5101041671875 0.075 0.5267708328125
10 0.6266666671875 0.43510416718749995 0.665 0.43177083281249995 0.7783333328125 0.4051041671875 0.8116666671875 0.4067708328125 0.8466666671875 0.3801041671875 0.8366666671875 0.3334375 0.7733333328125 0.31677083281249996 0.7416666671875001 0.31677083281249996 0.7216666671875 0.3234375 0.6900000000000001 0.35510416718750004 0.6116666671875 0.36843750000000003 0.5916666671875 0.3784375 0.6 0.3984375 0.6183333328125 0.40843749999999995 0.6266666671875 0.43510416718749995
10 0.645 0.6017708328125 0.6799999999999999 0.6001041671875 0.8383333328125 0.5551041671875 0.8583333328125 0.5384375 0.905 0.5251041671875 0.9166666671874999 0.5151041671875001 0.915 0.4967708328125 0.8866666671875001 0.4534375 0.8083333328125001 0.4101041671875 0.7716666671875 0.4067708328125 0.58 0.4467708328125 0.5633333328125001 0.46010416718749997 0.5483333328125 0.48510416718749994 0.55 0.5084375 0.5966666671875 0.5667708328125001 0.6233333328125 0.5801041671875 0.645 0.6017708328125
10 0.335 0.6017708328125 0.44166666718750003 0.5717708328125 0.4583333328125 0.5517708328125 0.48333333281249996 0.5367708328125 0.4683333328125 0.5034375 0.4516666671875 0.49010416718750005 0.3866666671875 0.4967708328125 0.3633333328125 0.4734375 0.33166666718750004 0.46677083281250004 0.22999999999999998 0.48677083281250005 0.20833333281250002 0.5001041671875 0.1983333328125 0.5617708328125001 0.21000000000000002 0.5934375000000001 0.24333333281249997 0.5984375 0.2633333328125 0.6101041671874999 0.335 0.6017708328125
10 0 0.6184375 0.0083333328125 0.6267708328125 0.0283333328125 0.6334375 0.10833333281249999 0.6151041671875 0.1433333328125 0.5784374999999999 0.14666666718750002 0.5401041671875 0.135 0.5167708328125 0.0666666671875 0.5251041671875 0.0183333328125 0.5051041671875 0.0066666671875 0.49343750000000003 0 0.5017708328125 0 0.6184375
10 0.13333333281249998 0.7617708328125 0.1516666671875 0.7717708328125 0.21000000000000002 0.7784375 0.2916666671875 0.7534375 0.315 0.7401041671875 0.3433333328125 0.6901041671875 0.305 0.6134375000000001 0.2733333328125 0.6117708328125 0.26 0.5984375 0.215 0.5934375000000001 0.1883333328125 0.5667708328125001 0.1366666671875 0.5867708328125001 0.10833333281249999 0.6234375 0.0983333328125 0.6634375 0.0983333328125 0.6951041671875 0.10833333281249999 0.7184375000000001 0.12166666718750001 0.7301041671874999 0.13333333281249998 0.7617708328125
10 0.5 0.7534375 0.54 0.7367708328125 0.65 0.7084374999999999 0.7366666671875 0.6634375 0.7383333328125 0.6334375 0.7066666671874999 0.5967708328125 0.65 0.5984375 0.5933333328125 0.5601041671875 0.5816666671874999 0.5451041671875 0.5666666671875 0.5451041671875 0.5383333328125001 0.5567708328125 0.41 0.5801041671875 0.37666666718749997 0.6101041671874999 0.37333333281250003 0.6417708328125 0.4233333328125 0.7417708328125 0.4566666671875 0.7567708328125 0.5 0.7534375
10 0.48 0.7517708328125 0.44166666718750003 0.7451041671875 0.41333333281250006 0.7234375 0.3933333328125 0.6751041671875 0.37666666718749997 0.6734375 0.34500000000000003 0.6934375 0.325 0.7201041671875 0.32166666718750003 0.7351041671874999 0.335 0.7634375 0.33166666718750004 0.7901041671875 0.3533333328125 0.8467708328124999 0.38166666718750003 0.8751041671875001 0.4533333328125 0.8751041671875001 0.4933333328125 0.8684375 0.5066666671875 0.8751041671875001 0.6033333328125 0.8751041671875001 0.625 0.8551041671874999 0.6366666671875 0.8234375 0.6133333328125 0.7867708328125 0.5650000000000001 0.7334375 0.53 0.7351041671874999 0.48 0.7517708328125
10 1 0.7617708328125 0.9816666671875 0.7517708328125 0.9583333328125001 0.7517708328125 0.7266666671875 0.8534375000000001 0.725 0.8751041671875001 0.835 0.8701041671875 0.8550000000000001 0.8751041671875001 1 0.8751041671875001 1 0.7617708328125
10 1 0.5267708328125 0.905 0.47010416718750003 0.9016666671875001 0.4767708328125 0.9116666671875 0.49343750000000003 0.9116666671875 0.5151041671875001 0.905 0.5217708328125 0.8699999999999999 0.5317708328124999 0.8316666671874999 0.5551041671875 0.7066666671874999 0.5884375000000001 0.7033333328125 0.5951041671875 0.7466666671875 0.6367708328125 0.79 0.6667708328125 0.865 0.6401041671875001 0.9 0.6451041671875 0.9800000000000001 0.6134375000000001 0.9833333328125 0.5967708328125 1 0.5767708328125 1 0.5267708328125
10 0.9066666671875 0.4717708328125 0.9199999999999999 0.45843749999999994 0.96 0.44343750000000004 0.9616666671875 0.4267708328125 0.9433333328125 0.4034375 0.8949999999999999 0.3784375 0.85 0.3667708328125 0.8416666671874999 0.3834375 0.8133333328125 0.40010416718749997 0.8099999999999999 0.40843749999999995 0.82 0.4217708328125 0.8566666671875 0.43843750000000004 0.8949999999999999 0.4717708328125 0.9066666671875 0.4717708328125
10 0.6599999999999999 0.8051041671875 0.7183333328125 0.7901041671875 0.7466666671875 0.7984375 0.7966666671875 0.7817708328124999 0.8316666671874999 0.7651041671875001 0.8400000000000001 0.7451041671875 0.8783333328125 0.7234375 0.8833333328125 0.7084374999999999 0.8783333328125 0.6951041671875 0.8383333328125 0.6534375 0.79 0.6617708328125 0.7566666671875 0.6451041671875 0.74 0.6667708328125 0.6916666671875 0.6817708328125 0.625 0.7151041671875 0.5700000000000001 0.7301041671874999 0.5666666671875 0.7417708328125 0.6133333328125 0.7934375 0.6599999999999999 0.8051041671875
10 0.8516666671875001 0.6634375 0.8816666671875 0.6951041671875 0.885 0.7084374999999999 0.9349999999999999 0.7517708328125 0.9550000000000001 0.7551041671875 0.9966666671875 0.7484375 0.9983333328124999 0.5917708328125 0.985 0.5984375 0.985 0.6101041671874999 0.9650000000000001 0.6201041671875 0.9 0.6434375 0.86 0.6417708328125 0.8383333328125 0.6567708328124999 0.8516666671875001 0.6634375
10 1 0.4951041671875 0.9166666671874999 0.4534375 0.8966666671875 0.46177083281250003 0.9 0.47010416718750003 0.9199999999999999 0.4767708328125 0.9833333328125 0.5201041671875 1 0.5234375 1 0.4951041671875