10 0.5577786359375 0.38650738281249997 0.590484946875 0.4506932390625 0.6078008328125 0.46622987499999996 0.6406670875 0.47069745 0.6850876171875 0.44736622343750004 0.72434048125 0.39896929999999997 0.710891809375 0.345411009375 0.7047288093749999 0.2804945765625 0.61702671875 0.2790859671875 0.579121675 0.304304084375 0.55891760625 0.338436321875 0.5577786359375 0.38650738281249997
10 0.433501475 0.1880578734375 0.36545842031250003 0.2188578234375 0.33108440625 0.2972873359375 0.3818767875 0.363764796875 0.42525461875000004 0.386849003125 0.4663855734375 0.3916056578125 0.520434925 0.3735882140625 0.555611725 0.3383206890625 0.564839153125 0.322053478125 0.5633298515625 0.2340738703125 0.5572957296875 0.22390883281249999 0.49446770781250005 0.19350831875000002 0.433501475 0.1880578734375
10 0.3670150875 0.22057126875000002 0.317041796875 0.2254593109375 0.2491113171875 0.282807140625 0.21802688125 0.3331487734375 0.2214616390625 0.3880157984375 0.229726340625 0.388304878125 0.286680178125 0.34882207187500003 0.323702465625 0.31030110781250003 0.3670150875 0.22057126875000002
10 0.17166459218750002 0.361389071875 0.1448487640625 0.3952900453125 0.1443674015625 0.40356819218749995 0.1658556203125 0.40431979843750004 0.2027016625 0.3973136 0.21863712343750002 0.379622021875 0.2248474890625 0.358272290625 0.22114021718750002 0.3365756640625 0.2495926828125 0.27452899531249997 0.21906957968750002 0.2867333421875 0.1999245125 0.302653659375 0.17166459218750002 0.361389071875
10 0.283278025 0.3503620703125 0.24022161718750001 0.378718 0.21457736249999998 0.420954934375 0.21176915156249998 0.44076466718749996 0.222858365625 0.44944752499999996 0.3086186984375 0.45576520781249996 0.383771178125 0.44512188906250005 0.40428036875 0.4342262734375 0.40416779218750004 0.4076783921875 0.388199728125 0.36896294687500003 0.3497644125 0.31784867499999997 0.31495639999999997 0.3182901734375 0.283278025 0.3503620703125
10 0.590484946875 0.4506932390625 0.58055100625 0.4221428328125 0.5396125984375 0.41407491875 0.53747829375 0.42229525 0.5619199078125 0.48619202499999997 0.53773605 0.5317980359375001 0.502366703125 0.57037681875 0.5083045546875 0.582197484375 0.5275621968750001 0.59282505 0.5521637515625 0.597003546875 0.620190503125 0.5380000875000001 0.6295941734375 0.49021810468749993 0.622484746875 0.47006147499999995 0.6061478921875 0.466172059375 0.590484946875 0.4506932390625
10 0.4592140203125 0.600388375 0.47409048125000003 0.6009087171874999 0.5002324 0.5785971484375 0.4824188484375 0.543135146875 0.38691712031250003 0.5049558000000001 0.36152908125 0.48581882500000007 0.3465563484375 0.48695411093749996 0.352301653125 0.5020860375 0.349685984375 0.5185845140625001 0.36769208125 0.5507352578125 0.4592140203125 0.600388375
10 0.11543357031249998 0.47389300624999997 0.15882770625 0.525180725 0.20827072656249998 0.443960296875 0.2130206984375 0.419241490625 0.2258428234375 0.398123021875 0.22057888281250002 0.37471295 0.19774284375 0.397140153125 0.14261818906249998 0.40516600468749997 0.116091178125 0.434100090625 0.11105238906249999 0.4637857859375 0.11543357031249998 0.47389300624999997
10 0.286360296875 0.468258634375 0.22520151875 0.4661194484375 0.19312174843750002 0.47661034999999996 0.19527235625 0.4965935328125 0.221639425 0.5273777265625 0.2546345578125 0.5865966953124999 0.2669916203125 0.601959884375 0.28323220312499997 0.6075049296875 0.3532170140625 0.571795909375 0.3646750203125 0.5456527375 0.355029896875 0.51213544375 0.313706396875 0.5106900484375 0.2948338453125 0.4934399671875 0.286360296875 0.468258634375
10 0.18525998593749998 0.6687789640624999 0.19848350625 0.6692414890625 0.2532067671875 0.63963464375 0.2948027828125 0.607909640625 0.27525632031249997 0.6022489625 0.23040179218749998 0.547592171875 0.185387321875 0.552653659375 0.170719709375 0.5770255703125 0.1695807375 0.62509663125 0.18631898593750001 0.65056704375 0.18525998593749998 0.6687789640624999
10 0.4320767703125 0.582849215625 0.3837401171875 0.5595915609375 0.368767384375 0.560726846875 0.2973384796875 0.62127030625 0.356282984375 0.6614889625 0.4562621703125 0.7081199 0.4680726609375 0.6189471906249999 0.45931029375000004 0.598732746875 0.4320767703125 0.582849215625
0 0.5868118234375 0.6562803296874999 0.577375546875 0.647655290625 0.5333238046875 0.6361604875 0.4673987515625 0.6305365953125001 0.45809135312500004 0.6766629484375 0.5648585421875 0.69201038125 0.578370878125 0.687506021875 0.5858490953125 0.6728366234375 0.5868118234375 0.6562803296874999
10 0.568420634375 0.6307521046875 0.574165940625 0.6458840296874999 0.602282221875 0.6750704109375001 0.6984741624999999 0.7298638656249999 0.719175896875 0.7156569921875 0.716912715625 0.6691259296875 0.6470552390625001 0.5887096453125 0.5750960609375 0.572920715625 0.5505108109375 0.5969457312500001 0.5058814328125 0.5953847046875 0.5088022203125 0.60212285 0.568420634375 0.6307521046875
10 0.739073303125 0.4874114328125 0.7265236921875 0.47535950312499997 0.71164723125 0.4748391609375 0.6320335984375001 0.5052343984375 0.6145577734375001 0.5494160421875 0.60066034375 0.5605429203125001 0.6140764078125 0.5576941875 0.6161307421875 0.579333 0.6518215125 0.59219435 0.695600740625 0.6368595531250001 0.710686046875 0.6622721484375 0.7172978078125001 0.6625034125 0.743022028125 0.590407334375 0.751671821875 0.5840738984375 0.752538275 0.5691732359375 0.739073303125 0.4874114328125
7 0.602089675 0.6783816687499999 0.5992814640625 0.6981914031249999 0.5825758203125 0.7291280125 0.5616815390625 0.7466461437499999 0.5620829328125 0.7682271390625 0.58162939375 0.773887815625 0.60048564375 0.7629343859375 0.6255685609375 0.7588347375 0.6466553875 0.7380053484375 0.6703741828124999 0.7288809953125 0.6760069125 0.7174650375 0.6120073140625 0.6787285640625 0.602089675 0.6783816687499999
10 0.354967771875 0.74107479375 0.363312440625 0.71150473125 0.35902752968749996 0.6997418796875 0.306213421875 0.6680326328125 0.303083784375 0.6364022312500001 0.263798315625 0.6283921343750001 0.22131954375000001 0.6468142875 0.1935246859375 0.6690680421875 0.186351590625 0.706974065625 0.17187652656250002 0.7280347171875 0.170817525 0.7462466375 0.1827894984375 0.76823234375 0.20992675 0.785771503125 0.2640886765625 0.7943019437500001 0.29928178125 0.78723793125 0.3334958546875 0.7685266984375 0.354967771875 0.74107479375