10 0.3528960171875 0.5448795203125 0.29794565156249997 0.5355968 0.26037526875 0.547290871875 0.2165407796875 0.5502901609374999 0.2068586109375 0.6389098468750001 0.1950401265625 0.64003975 0.1571991453125 0.624831909375 0.1336500046875 0.625415225 0.10500699375 0.7232349250000001 0.1081022578125 0.760351940625 0.1289216859375 0.7798084125 0.18704801875 0.7926002796875 0.1911971890625 0.809599425 0.221098259375 0.8160344 0.2362683578125 0.815060665625 0.24367419531249998 0.801961084375 0.312382328125 0.8051625171874999 0.33716102187499997 0.7811083515624999 0.356634565625 0.6979866375 0.3604039296875 0.5939662125 0.38014807500000003 0.5377464140625 0.3528960171875 0.5448795203125
10 0.5543015421875 0.3559553234375 0.5429221859375 0.3487027796875 0.5139943203125 0.355757803125 0.47007913281249997 0.392364965625 0.4041434671875 0.56071203125 0.40502884687499996 0.57587851875 0.44084984687500006 0.629645615625 0.480725065625 0.6701569640625 0.5094772828125 0.66645491875 0.54895131875 0.4901525578125 0.5707296984375 0.45923626406249995 0.565248896875 0.40352169687500006 0.575911396875 0.36032339062499996 0.56753235625 0.35993297343749997 0.5592482671875 0.389797446875 0.5543015421875 0.3559553234375
10 0.5569719328125 0.46531754999999997 0.54357259375 0.49662426406250004 0.5274506671875 0.57990214375 0.5264917140625001 0.6302749078125001 0.53240451875 0.645675646875 0.5485478234375 0.6581919093749999 0.641075696875 0.6877119390625 0.663036853125 0.6853740515625 0.6796121578125 0.657576484375 0.698200321875 0.5592882828125 0.6946659281249999 0.5305537124999999 0.6779007218750001 0.49784149375000003 0.5942788390625 0.45865294843750004 0.5726689828125 0.4542848796875 0.5569719328125 0.46531754999999997
10 0.6781120015625001 0.654145421875 0.6654152640625 0.6720402187500001 0.5933555140625 0.66868261875 0.5486356484375 0.6565154203125 0.5221668921875 0.6166287406250001 0.5104433609375 0.6480135375 0.5093016312499999 0.6698078984375 0.5172415453125 0.6785807640625 0.679282234375 0.7600765859374999 0.7128862234375 0.759961771875 0.73025908125 0.749007184375 0.73942855 0.7343091984375001 0.76102415625 0.674814503125 0.7602266 0.657971525 0.74628605625 0.635474409375 0.688950153125 0.6075941390625 0.6781120015625001 0.654145421875
10 0.7330575578125 0.246643696875 0.7223808046875 0.22597923749999999 0.7008587734375 0.21993468124999999 0.6919456562499999 0.1976718171875 0.7026152828125001 0.18640489531249999 0.72281280625 0.185665409375 0.73330678125 0.177751465625 0.7169000015625 0.170264671875 0.679856571875 0.1718998078125 0.49597105468749997 0.2187909109375 0.4743612 0.21442284374999998 0.46555015781250003 0.254346253125 0.4669696140625 0.29138518593749996 0.450211534375 0.29060434687500003 0.425959790625 0.3045995796875 0.435670465625 0.3437054203125 0.43426525937499993 0.37052925000000003 0.41760212812499997 0.40000330625 0.478985125 0.38269644999999997 0.5259006281249999 0.3529514125 0.5708839718750001 0.3600891390625 0.7068807828125 0.329453075 0.7313960015625 0.310428375 0.7391531375 0.2906228375 0.7222122796875 0.2612635984375 0.7330575578125 0.246643696875
0 0.3114422578125 0.149691915625 0.2781895703125 0.1431007734375 0.2694592265625 0.14941631093750002 0.26638296562499997 0.19744964375000001 0.2568107671875 0.2519026265625 0.2467068703125 0.295126959375 0.240476790625 0.3071609359375 0.23324898125 0.3275513296875 0.2552101375 0.325213440625 0.27099501406250004 0.312504278125 0.330951428125 0.2262271078125 0.328302415625 0.2126590265625 0.317098709375 0.2020535046875 0.3116250328125 0.17827031875 0.3162940296875 0.1532791453125 0.3114422578125 0.149691915625
6 0.6244196921875 0.749117375 0.6006877765625 0.7211222890625 0.5271207437500001 0.6824022453125 0.497307496875 0.6742907796875001 0.4909626921875 0.69920386875 0.5221882703125 0.7124228859375 0.5332163234375 0.7263813859375 0.532689371875 0.7364403234375 0.5203439375000001 0.7476291609375 0.481449046875 0.75253919375 0.4768678765625 0.7758538765625 0.521946171875 0.813246496875 0.5722204140625 0.8155890109374999 0.584924278125 0.8296255953125 0.6030946921875 0.8355139828124999 0.6300832734374999 0.8334103453124999 0.65151035 0.8092000109375 0.6755864421875 0.7985577562499999 0.67593774375 0.7918517984375 0.6645583875 0.7845992546875 0.6574160296875 0.7926693671875 0.639069965625 0.7901339562499999 0.6244196921875 0.749117375
8 0.2105994734375 0.4071639 0.19569285 0.40310816718750003 0.19357791562499999 0.4114125296875 0.211660503125 0.41897740624999996 0.24315668281249997 0.45909833750000006 0.2201416203125 0.48155409843749997 0.21486497343750002 0.5502120781250001 0.2230683625 0.5539554765625 0.3511323859375 0.546477925 0.3740596203125 0.525698653125 0.37793106249999997 0.48386450312499996 0.34925954843749996 0.4539586765625 0.24367650937500002 0.41710801875000003 0.2255939203125 0.409543140625 0.221005621875 0.40092644375 0.2105994734375 0.4071639
8 0.35900816562500004 0.2678683609375 0.3097949515625 0.27733935625 0.2918073140625 0.30002936875 0.2762052140625 0.3413169328125 0.2780638 0.36997342031249997 0.2915652171875 0.4008529828125 0.304181253125 0.41656605625000004 0.33046723125 0.4278743328125 0.372450259375 0.4281499375 0.40684467656249995 0.41294671875000005 0.4315355453125 0.39056904062500003 0.44131979374999997 0.364135628125 0.44113701718750004 0.33555722656250003 0.43089939062499993 0.30651032031250003 0.3953489921875 0.2796451390625 0.35900816562500004 0.2678683609375
10 0.13060930937499998 0.43760860625 0.10174237187499999 0.4541897640625 0.1068346984375 0.61352209375 0.123065828125 0.6243618671875 0.1626411703125 0.63853013125 0.18351677187499998 0.64622515 0.204919325 0.64386123125 0.2144424703125 0.6331010828125 0.21878469374999998 0.5929694484375 0.21617522656250002 0.49313335625 0.2119263546875 0.42459173281249996 0.18017145 0.4107878578125 0.1467771390625 0.4282784515625 0.13060930937499998 0.43760860625
10 0.2044587609375 0.160952675 0.18964234062500002 0.165864246875 0.17947038906249999 0.1676310640625 0.13761633906249998 0.218339109375 0.1098951078125 0.362697846875 0.1242431265625 0.36672755156250003 0.1547051765625 0.3838323484375 0.19633927812500002 0.401457703125 0.21209725468750001 0.3999511671875 0.212033953125 0.3797812390625 0.2212010484375 0.354439459375 0.2318366484375 0.32244377812499997 0.2486485296875 0.3008193703125 0.268910125 0.19196545781250002 0.2746037515625 0.14741524374999998 0.2562600609375 0.15552362656250002 0.2044587609375 0.160952675