9 0.6799770671875 0.6528765515625 0.751903046875 0.745697365625 0.7806679984375 0.7901649015625 0.7851005093750001 0.8037296312500001 0.793858690625 0.8049692187499999 0.8285033890625 0.780829559375 0.8607776359375 0.76665149375 0.8818698296875 0.7482504984375 0.9421329625 0.7203439515625 0.9498601140625 0.709820375 0.9438473000000001 0.7028967078125 0.9402986671875 0.6870808234375 0.8896785703125 0.6276387625 0.8522894750000001 0.5711254578125 0.8194800437499999 0.5421912 0.77836796875 0.4925437515625 0.762338171875 0.4823541359375 0.74208955 0.5103795375 0.648105909375 0.548299034375 0.6493244 0.5622009515624999 0.6379145796875 0.5677148234375 0.627816978125 0.58819999375 0.6508906171875 0.6170764375 0.6668266828125 0.6261966765625 0.6799770671875 0.6528765515625
9 0.508748828125 1 0.5639338203125 0.9942104453124999 0.4357760796875 0.888942403125 0.35910920156250004 0.816044778125 0.3376420875 0.8301682609375 0.333035228125 0.83928526875 0.30412215 0.8671404609375 0.288708159375 0.8763120531249999 0.263758946875 0.9123850828125001 0.21519993906249998 0.9628063890625 0.216927390625 0.9701796421875001 0.23468463593750002 0.9877425093750001 0.23436313593749997 0.996409934375 0.24188548124999998 1 0.508748828125 1
9 0.08404380312500001 0.736981196875 0.11214887968750001 0.8109264828124999 0.135701003125 0.8637651921874999 0.256545490625 0.7930795500000001 0.39973769375 0.69981415 0.3898280390625 0.6792695546874999 0.363949053125 0.6307220046875 0.336613728125 0.580978228125 0.32770815 0.5873085875 0.2214774296875 0.65511205625 0.1534302046875 0.695976378125 0.08404380312500001 0.736981196875
9 0.3327133640625 0.5827364375 0.262776359375 0.46326626875 0.0568936328125 0.596834009375 0.059085726562499996 0.6681018125 0.086722153125 0.7367002078125 0.15051752812500002 0.6935839234375 0.21612072968749999 0.6556740375000001 0.2674616515625 0.624656490625 0.3327133640625 0.5827364375
9 0.618795453125 0.48527232343750004 0.6319528812499999 0.481193925 0.588547453125 0.43313609218750004 0.5537628906250001 0.3909189015625 0.4527213234375 0.471668115625 0.3432932140625 0.54925013125 0.3509263921875 0.5592414406249999 0.4107698015625 0.6406491187500001 0.618795453125 0.48527232343750004
9 0.49776824218750004 0.430518765625 0.548406190625 0.39148088125 0.500045934375 0.3331507484375 0.484026215625 0.31999224531250003 0.2803028015625 0.462776553125 0.30536165 0.5019670406250001 0.3446323890625 0.5491096375 0.3795517203125 0.5157678640625 0.4468959703125 0.466883203125 0.49776824218750004 0.430518765625
9 0.0456460171875 0.468508603125 0.0481225796875 0.5491896656249999 0.0688794328125 0.5793883796875 0.15182513749999998 0.5234708859375 0.2175958859375 0.47205327500000005 0.278880459375 0.41571025781250004 0.2371656953125 0.37152209687500004 0.20284978125 0.33465179843750004 0.13853537031250002 0.3872656375 0.0456460171875 0.468508603125
9 0.040975657812499997 0.4676495640625 0.090575775 0.42602252968750004 0.13294434375 0.385154171875 0.1684494875 0.3584960140625 0.194346078125 0.330147878125 0.1575861421875 0.296232015625 0.11784675 0.2437425265625 0.0264474875 0.3018959140625 0.038866729687500004 0.44358855156250004 0.040975657812499997 0.4676495640625
9 0.5108625359375 0.08649528281249999 0.4162825203125 0.1638685734375 0.5173392640625 0.222066284375 0.597539840625 0.150248609375 0.5554232015625 0.1168947265625 0.5108625359375 0.08649528281249999
9 0.5166362875 0.214045946875 0.4631700484375 0.1899768609375 0.4137213328125 0.1654862875 0.3832214015625 0.1875722953125 0.32349394062500003 0.21542264375000003 0.35466285000000003 0.24722704062499998 0.42205627031250004 0.2914192375 0.5166362875 0.214045946875
9 0.264100359375 0.3241788484375 0.32084715468749997 0.385676178125 0.417168221875 0.2973281109375 0.39520598906250004 0.278047971875 0.3620617015625 0.254544903125 0.3247159515625 0.21394542656249999 0.2911357953125 0.247146703125 0.2755343421875 0.2541795375 0.2332829375 0.2963846203125 0.264100359375 0.3241788484375
9 0.9255849828124999 0.34651433125 0.900558915625 0.36937508124999996 0.8760014984375 0.397582721875 0.84439671875 0.42248267031250003 0.8123232859374999 0.4420357265625 0.822634815625 0.45174604374999994 0.8644503515625 0.4662453078125 0.8765697078124999 0.481162021875 0.9333668890625001 0.5278149046875 0.9348408312500001 0.4521154453125 0.9255849828124999 0.34651433125
9 0.5905871765625 0.6568585437500001 0.5480018859375 0.6181577703125 0.5177362796875 0.6429172249999999 0.5214690953125001 0.654666740625 0.501096753125 0.668945171875 0.4649554109375 0.7037641625 0.4221849671875 0.7554668 0.47787729843750004 0.804933621875 0.5332181421875 0.8503902765625 0.5939156875 0.8952849484375 0.6354465125 0.9219552156249999 0.6312110515625 0.950728875 0.6677706609375 0.9361012234375 0.6912232265625 0.9107075234374999 0.7098545171875 0.9074038671875 0.72172315625 0.8886215156249999 0.7809151937500001 0.8392431046875 0.791578209375 0.8529635890625 0.79482598125 0.8283405953124999 0.781601778125 0.8162378234375 0.7333082984375 0.7740888609375001 0.689500996875 0.73686530625 0.6547328234375 0.7256737359375001 0.6383616171875001 0.7085050609375 0.5905871765625 0.6568585437500001
9 0.615546465625 0.6178166234375 0.6022050984375 0.604377128125 0.5753208187500001 0.6368759296875 0.60853188125 0.67656016875 0.6332392421875 0.7117404875 0.6630022015625 0.7275042093749999 0.6950920218750001 0.738976771875 0.7175229046875 0.7636038015625 0.7487422031250001 0.7805637515625 0.7324213828125 0.7485506296875 0.7225117296875 0.7280060328125 0.7018218953125 0.6924042296875 0.6787548125 0.6759380312500001 0.6679582421875 0.629855203125 0.6507165125000001 0.618173915625 0.6358016453124999 0.6022014703125 0.615546465625 0.6178166234375
9 0.3888391375 0.7913415234375 0.37507950624999997 0.7577106875 0.3614534265625 0.7564421953125 0.32857624687500003 0.797663809375 0.29452744062499997 0.82551819375 0.2596081109375 0.858859965625 0.23644025625 0.872082665625 0.258937915625 0.9128908656249999 0.2887348703125 0.8827845203125 0.3108482609375 0.857531315625 0.35420451875 0.81251229375 0.41292668906249996 0.86570829375 0.4626765046875 0.9090534828125 0.5051446312500001 0.946417534375 0.5311243906249999 0.9652761875 0.5569869859375001 0.9827981171875001 0.572822765625 0.978438728125 0.5764220250000001 0.957825903125 0.5268397578124999 0.9009729890625 0.478948153125 0.8479897484375 0.4627444953125 0.81731335 0.4457874765625 0.7934610609375 0.410651425 0.7472337015625 0.3888391375 0.7913415234375
9 0.6964840125 0.5081492187500001 0.6641434765625001 0.462977590625 0.6311667390625 0.42596679843749996 0.62261265 0.436307325 0.6356693046874999 0.461917821875 0.6851344125 0.5174340140625 0.6964840125 0.5081492187500001
9 0.57413523125 0.37664046875 0.5831075859375 0.3864912828125 0.6079321078125 0.42300832499999996 0.6247051875 0.4293427203125 0.6313342875 0.412459071875 0.6172899453125 0.3909992390625 0.59521055 0.3703823765625 0.5730807671875 0.3646099640625 0.5533950125 0.3558831140625 0.5577136390625 0.37431624375 0.57413523125 0.37664046875
9 0.5308973515625001 0.3150749109375 0.5020049171875 0.293823803125 0.5130861984374999 0.327735628125 0.5444894359375 0.36221347187499997 0.551989059375 0.3398424375 0.5308973515625001 0.3150749109375
9 0.721142203125 0.45025268125 0.7043023453125 0.427737115625 0.69534638125 0.448911921875 0.697220984375 0.470299490625 0.705272428125 0.5004821374999999 0.7235018453125 0.508012759375 0.721142203125 0.45025268125
9 0.643119759375 0.3464699328125 0.6321380359375001 0.3907905140625 0.6650643859375001 0.44264575625 0.696233296875 0.4744501546875 0.7034318203125001 0.43322450156250003 0.6823904984375 0.3936125296875 0.643119759375 0.3464699328125
9 0.6408596734375 0.36694226093750004 0.63642388125 0.3471724078125 0.6178429765625 0.335631615625 0.5414935921875 0.3126142265625 0.5502983968749999 0.3359727640625 0.564459903125 0.35876932031250003 0.5936370484375 0.36784942656249997 0.6083679765625 0.36630397812500004 0.630564534375 0.3882575640625 0.6408596734375 0.36694226093750004
9 0.7225985406250001 0.451448909375 0.73384736875 0.471853009375 0.7523111140625 0.482057078125 0.7799487546874999 0.4427341671875 0.7372463 0.4026966703125 0.7220971078125 0.384050778125 0.7004863625 0.368780809375 0.6762136578125 0.3848174484375 0.6980083421875001 0.4176053125 0.7144967109375 0.436110709375 0.7225985406250001 0.451448909375
9 0.6950125 0.3680060671875 0.672112965625 0.33803214375 0.6273179765625 0.304959253125 0.6056568437500001 0.30453373125 0.602643396875 0.33183017187499997 0.6271000421874999 0.3333114265625 0.65575815 0.3518890890625 0.6778375453125001 0.3725059515625 0.6950125 0.3680060671875
9 0.5753244625 0.3131120140625 0.6054892953125 0.31804145625 0.6092057203125 0.29876535312499997 0.549110378125 0.29157991562499996 0.5453939546875 0.3108560171875 0.5753244625 0.3131120140625
9 0.5248376734375 0.307616553125 0.55580625625 0.2908774390625 0.571876359375 0.2891914953125 0.6177094234375 0.303269275 0.6168225078125 0.2777310421875 0.5924162500000001 0.261405340625 0.5306466359375 0.28137584531250004 0.5029926031249999 0.2896731390625 0.5248376734375 0.307616553125
9 0.694644621875 0.332970278125 0.6838808328125 0.34893868906250003 0.705441190625 0.37905310625 0.71772809375 0.3804620953125 0.7515753546874999 0.41198550312500004 0.7555764921875 0.380538396875 0.694644621875 0.332970278125
9 0.7556936546874999 0.38187512031250004 0.76135145625 0.40016775625 0.75390221875 0.4076943421875 0.79764274375 0.4287367265625 0.81212295625 0.3934922140625 0.8138640046875001 0.382517440625 0.7941782515625 0.3737905890625 0.7786271828125 0.3659789765625 0.755325775 0.3468393328125 0.73040048125 0.3400111875 0.7224322046875 0.357035328125 0.7556936546874999 0.38187512031250004
9 0.8605008171874999 0.3749266609375 0.840564346875 0.3325007453125 0.8200748421874999 0.345442453125 0.8354747515625001 0.397787409375 0.8186008984375001 0.4211419109375 0.84980380625 0.4070762421875 0.8605008171874999 0.3749266609375
9 0.730234146875 0.24559760625 0.7339165750000001 0.2721915703125 0.7721832359375 0.2924592125 0.8066666984375 0.3158217859375 0.76197248125 0.2530599984375 0.730234146875 0.24559760625
9 0.68276080625 0.21280570625 0.6911637374999999 0.2469985234375 0.7076521062500001 0.2655039203125 0.7341509 0.2748650171875 0.7380348734375 0.2420811890625 0.699751821875 0.190787928125 0.68276080625 0.21280570625
9 0.6921854203125 0.1969777921875 0.6846694046875 0.18832320625 0.5867924421875 0.1972426359375 0.610512115625 0.2365736203125 0.6204557640624999 0.21124815 0.6418825703125 0.20900022499999998 0.666757478125 0.2306728203125 0.688535771875 0.232435065625 0.6921854203125 0.1969777921875
9 0.7925215828125001 0.3240508484375 0.7845533062500001 0.3410749921875 0.797258475 0.3626753203125 0.787248046875 0.37181962031250004 0.8194046484375 0.399473353125 0.814366653125 0.3419942640625 0.7925215828125001 0.3240508484375
9 0.7480440859375 0.3408581953125 0.78036823125 0.3550042015625 0.7897260703125 0.322995115625 0.7805697765625 0.29562641093750003 0.7106819437499999 0.2692330984375 0.6975912906249999 0.2894926671875 0.733179603125 0.3100413 0.7461694828125001 0.31947062656249997 0.755543709375 0.318487159375 0.7480440859375 0.3408581953125
9 0.73587434375 0.3407859296875 0.7257971421875 0.33374905625 0.69533120625 0.309964996875 0.654085090625 0.2711237296875 0.6485104546875 0.300037884375 0.6782734140625 0.31580160468749996 0.6879487453124999 0.3336727546875 0.6972058078125001 0.331352565625 0.72656689375 0.357950565625 0.73587434375 0.3407859296875
9 0.6554746546875 0.2561387859375 0.642886646875 0.2358751796875 0.6242389640625 0.20815321875 0.6109139890625 0.22573934218749997 0.629042634375 0.26295885937499996 0.6486112281249999 0.2703489890625 0.6554746546875 0.2561387859375
9 0.622899790625 0.2082937140625 0.6527963031249999 0.2564197765625 0.6664223812500001 0.25768827031249997 0.6823753234375001 0.2546656046875 0.6357057312500001 0.200205146875 0.622899790625 0.2082937140625