4 0.5177083328125 0.55 0.521875 0.5677083328125 0.5333333328125 0.5885416671875 0.5583333328125 0.6145833328125 0.5885416671875 0.6291666671875 0.6395833328125 0.6385416671875 0.6833333328125 0.6395833328125 0.74375 0.6291666671875 0.7614583328125 0.61875 0.7822916671875 0.5916666671875 0.8072916671874999 0.571875 0.8239583328125001 0.54375 0.846875 0.490625 0.846875 0.48125 0.8375 0.47291666718750003 0.8010416671874999 0.46666666718750005 0.7635416671875 0.465625 0.6520833328125 0.48229166718750005 0.6177083328124999 0.4791666671875 0.575 0.48333333281249996 0.546875 0.490625 0.5270833328125 0.50625 0.5197916671875 0.521875 0.5177083328125 0.55
4 0.125 0.9125 0.128125 0.9354166671874999 0.1583333328125 0.9541666671875 0.20208333281250002 0.9697916671875 0.28125 0.96875 0.3239583328125 0.9625 0.3739583328125 0.9395833328125001 0.3875 0.9260416671874999 0.41770833281249997 0.9145833328125 0.475 0.8552083328125001 0.48645833281249995 0.83125 0.4916666671875 0.7989583328125 0.490625 0.771875 0.48125 0.746875 0.46770833281249996 0.7354166671875 0.4291666671875 0.728125 0.40729166718750004 0.7354166671875 0.3427083328125 0.7697916671875 0.28958333281250004 0.8072916671874999 0.215625 0.8458333328125001 0.175 0.871875 0.1427083328125 0.9020833328125001 0.125 0.9125
4 0.3927083328125 1 0.40625 0.9770833328125 0.4145833328125 0.95 0.4135416671875 0.9270833328125001 0.40833333281249995 0.921875 0.334375 0.9614583328125 0.28125 0.96875 0.203125 0.96875 0.125 0.940625 0.125 1 0.3927083328125 1
4 0.7020833328125 1 0.6989583328125 0.9885416671874999 0.7427083328124999 0.9510416671874999 0.765625 0.9177083328125001 0.7666666671875 0.9072916671875 0.6447916671875 0.8666666671875 0.61875 0.853125 0.596875 0.8520833328125 0.5708333328124999 0.8572916671874999 0.5572916671875 0.8666666671875 0.5239583328124999 0.9104166671874999 0.515625 0.9302083328125 0.5125 0.9583333328125001 0.5177083328125 0.9989583328125 0.7020833328125 1
4 0.5802083328125 0.765625 0.5541666671875001 0.771875 0.49583333281249997 0.771875 0.4916666671875 0.7760416671875 0.5145833328125 0.79375 0.5427083328125 0.803125 0.559375 0.821875 0.5802083328125 0.8354166671875 0.60625 0.8489583328125001 0.6322916671875001 0.85625 0.6666666671875 0.878125 0.7114583328124999 0.896875 0.8041666671875 0.9125 0.8458333328125001 0.9114583328125001 0.875 0.9020833328125001 0.875 0.8604166671875 0.8510416671875 0.8333333328125001 0.80625 0.8041666671875 0.7489583328125 0.7979166671875 0.6833333328125 0.7739583328124999 0.6541666671875 0.7677083328125 0.5802083328125 0.765625
4 0.2416666671875 0.7541666671875 0.24895833281250002 0.7416666671875001 0.24895833281250002 0.7166666671875 0.253125 0.709375 0.2479166671875 0.6833333328125 0.25 0.671875 0.22916666718749998 0.640625 0.21875 0.6354166671875 0.19583333281249998 0.6354166671875 0.1729166671875 0.6416666671875 0.125 0.6666666671875 0.1270833328125 0.81875 0.1760416671875 0.821875 0.2125 0.8104166671874999 0.2416666671875 0.7635416671875 0.2416666671875 0.7541666671875
4 0.475 0.7375 0.5416666671875 0.7385416671875 0.578125 0.734375 0.6166666671875001 0.721875 0.6604166671875 0.6958333328124999 0.6885416671875 0.6697916671875 0.709375 0.6375 0.6416666671875 0.6375 0.5927083328125 0.6291666671875 0.4947916671875 0.621875 0.45625 0.6322916671875001 0.3927083328125 0.66875 0.378125 0.6822916671875 0.3854166671875 0.7020833328125 0.3958333328125 0.7114583328124999 0.421875 0.7229166671875 0.475 0.7375
4 0.2427083328125 0.6604166671875 0.24895833281250002 0.6822916671875 0.2510416671875 0.7114583328124999 0.24479166718749998 0.75625 0.246875 0.7635416671875 0.2604166671875 0.7604166671875 0.296875 0.7354166671875 0.3416666671875 0.696875 0.365625 0.6729166671875 0.4010416671875 0.625 0.42291666718750004 0.571875 0.4291666671875 0.5197916671875 0.42604166718750003 0.5072916671875001 0.42083333281249996 0.503125 0.3916666671875 0.5 0.3458333328125 0.5177083328125 0.34375 0.54375 0.3291666671875 0.5708333328124999 0.3104166671875 0.5875 0.2791666671875 0.6052083328125 0.246875 0.6447916671875 0.2427083328125 0.6604166671875
4 0.7114583328124999 0.7791666671875 0.7333333328125 0.7864583328125 0.7458333328125 0.796875 0.7614583328125 0.7989583328125 0.7677083328125 0.79375 0.7729166671875001 0.765625 0.7760416671875 0.696875 0.746875 0.64375 0.7458333328125 0.63125 0.7385416671875 0.6302083328125 0.7114583328124999 0.6354166671875 0.68125 0.675 0.6354166671875 0.7125 0.6489583328124999 0.7208333328125 0.665625 0.7458333328125 0.6833333328125 0.7604166671875 0.7114583328124999 0.7791666671875
4 0.7791666671875 0.6697916671875 0.7958333328125 0.6927083328125 0.8322916671874999 0.715625 0.875 0.7291666671875 0.875 0.571875 0.840625 0.5708333328124999 0.8041666671875 0.5760416671875 0.7864583328125 0.5854166671875001 0.76875 0.609375 0.76875 0.6416666671875 0.7791666671875 0.6697916671875
4 0.240625 0.5375 0.2270833328125 0.5364583328125 0.20625 0.5416666671875 0.14375 0.5395833328124999 0.125 0.55 0.125 0.6677083328125 0.1614583328125 0.65 0.184375 0.6333333328124999 0.228125 0.5885416671875 0.24479166718749998 0.5604166671875 0.246875 0.5447916671875 0.240625 0.5375
4 0.2416666671875 0.540625 0.24479166718749998 0.5604166671875 0.225 0.5958333328125 0.2270833328125 0.60625 0.2479166671875 0.60625 0.2864583328125 0.5958333328125 0.3114583328125 0.5822916671875 0.33645833281250004 0.559375 0.3427083328125 0.5447916671875 0.3416666671875 0.5166666671875 0.3291666671875 0.50625 0.2677083328125 0.5 0.203125 0.503125 0.1822916671875 0.5104166671875 0.1270833328125 0.515625 0.125 0.559375 0.146875 0.5427083328125 0.23020833281250003 0.5354166671875 0.2416666671875 0.540625
4 0.4135416671875 0.48854166718750003 0.4927083328125 0.4875 0.55 0.47083333281249995 0.584375 0.45416666718750004 0.6197916671875 0.4291666671875 0.6458333328125 0.40416666718750005 0.6552083328125 0.3885416671875 0.6583333328125 0.3645833328125 0.6427083328125 0.3447916671875 0.6208333328125 0.33645833281250004 0.5927083328125 0.33645833281250004 0.428125 0.3875 0.3583333328125 0.41979166718750005 0.3333333328125 0.43854166718750004 0.3322916671875 0.4458333328125 0.3458333328125 0.46458333281249997 0.3625 0.475 0.4135416671875 0.48854166718750003
4 0.690625 0.41041666718750003 0.7145833328125 0.44895833281249997 0.7395833328125 0.465625 0.7520833328125 0.46458333281249997 0.7635416671875 0.45104166718750005 0.7854166671875 0.41041666718750003 0.8 0.3916666671875 0.8125 0.3604166671875 0.81875 0.3552083328125 0.8510416671875 0.2864583328125 0.875 0.24583333281250003 0.8739583328125 0.20625 0.85625 0.1895833328125 0.8177083328125001 0.1833333328125 0.7625 0.2 0.734375 0.2166666671875 0.6916666671875 0.275 0.68125 0.3 0.6770833328125 0.3260416671875 0.678125 0.35625 0.690625 0.41041666718750003
4 0.359375 0.409375 0.4875 0.365625 0.5666666671875 0.3458333328125 0.58125 0.33645833281250004 0.5895833328125 0.31875 0.5895833328125 0.3072916671875 0.5822916671875 0.30416666718749996 0.47083333281249995 0.2989583328125 0.359375 0.3010416671875 0.3302083328125 0.3114583328125 0.31875 0.3260416671875 0.3145833328125 0.3447916671875 0.3239583328125 0.3791666671875 0.34375 0.40208333281249997 0.359375 0.409375
4 0.18020833281249998 0.44166666718750003 0.1989583328125 0.45 0.23541666718749998 0.45104166718750005 0.3333333328125 0.42083333281249996 0.3385416671875 0.4135416671875 0.3385416671875 0.4 0.3177083328125 0.36875 0.3135416671875 0.3552083328125 0.315625 0.3260416671875 0.3114583328125 0.325 0.23854166718749997 0.3416666671875 0.20416666718749998 0.35625 0.1822916671875 0.375 0.1677083328125 0.396875 0.165625 0.421875 0.1697916671875 0.4302083328125 0.18020833281249998 0.44166666718750003
4 0.328125 0.4479166671875 0.309375 0.43645833281249996 0.290625 0.43645833281249996 0.23854166718749997 0.45 0.203125 0.45 0.190625 0.446875 0.1708333328125 0.434375 0.159375 0.43333333281249997 0.1364583328125 0.44895833281249997 0.125 0.45208333281249996 0.125 0.515625 0.1708333328125 0.509375 0.23958333281250002 0.4895833328125 0.2989583328125 0.4791666671875 0.325 0.47083333281249995 0.33125 0.4614583328125 0.328125 0.4479166671875
4 0.36666666718749996 0.2552083328125 0.35 0.24375 0.325 0.23854166718749997 0.284375 0.2375 0.21770833281250002 0.2520833328125 0.1354166671875 0.28958333281250004 0.125 0.2979166671875 0.125 0.3572916671875 0.30520833281250004 0.325 0.3239583328125 0.315625 0.33125 0.30520833281250004 0.3614583328125 0.2916666671875 0.3729166671875 0.2770833328125 0.36666666718749996 0.2552083328125
4 0.2479166671875 0.1416666671875 0.3020833328125 0.1291666671875 0.3479166671875 0.1052083328125 0.3645833328125 0.08854166718749999 0.3708333328125 0.0739583328125 0.371875 0.058333332812500006 0.3583333328125 0.029166667187500002 0.3447916671875 0.01875 0.3125 0.0135416671875 0.284375 0.021875 0.2614583328125 0.054166667187499996 0.2416666671875 0.0645833328125 0.2364583328125 0.0947916671875 0.22291666718749997 0.125 0.22916666718749998 0.1375 0.2479166671875 0.1416666671875
4 0.478125 0.22395833281250002 0.5125 0.21979166718749998 0.528125 0.2125 0.5520833328125 0.190625 0.5770833328125 0.159375 0.5916666671875 0.13229166718750002 0.6020833328124999 0.12291666718750001 0.615625 0.0947916671875 0.615625 0.08333333281250001 0.6104166671875 0.0760416671875 0.5895833328125 0.07291666718749999 0.553125 0.08645833281250001 0.5208333328125 0.10833333281249999 0.4625 0.1625 0.446875 0.1875 0.45 0.2052083328125 0.45729166718750003 0.2166666671875 0.478125 0.22395833281250002
4 0.675 0.325 0.6895833328125 0.2822916671875 0.7072916671875 0.25625 0.70625 0.25 0.6583333328125 0.2010416671875 0.6052083328125 0.175 0.571875 0.1729166671875 0.5614583328125 0.184375 0.5614583328125 0.20416666718749998 0.5864583328124999 0.2520833328125 0.603125 0.27395833281250004 0.628125 0.296875 0.6614583328125 0.321875 0.675 0.325
4 0.3791666671875 0.1875 0.390625 0.203125 0.409375 0.2 0.44895833281249997 0.1833333328125 0.5229166671875001 0.1020833328125 0.5229166671875001 0.078125 0.5166666671875 0.075 0.5104166671875 0.05 0.5 0.046875 0.471875 0.05625 0.4625 0.0666666671875 0.42083333281249996 0.08125 0.390625 0.1052083328125 0.3770833328125 0.1354166671875 0.375 0.1708333328125 0.3791666671875 0.1875
4 0.3864583328125 0.2822916671875 0.39895833281250004 0.2947916671875 0.41041666718750003 0.296875 0.5354166671875 0.3 0.565625 0.29375 0.56875 0.2854166671875 0.559375 0.25833333281250004 0.55625 0.228125 0.5583333328125 0.2010416671875 0.55 0.19583333281249998 0.5166666671875 0.21875 0.496875 0.22395833281250002 0.4604166671875 0.2260416671875 0.4114583328125 0.2427083328125 0.3895833328125 0.25625 0.3854166671875 0.265625 0.3864583328125 0.2822916671875
4 0.8675595234375001 0.16220238125 0.875 0.0892857140625 0.8675595234375001 0.0803571421875 0.8244047609375 0.07291666718749999 0.78720238125 0.053571428125 0.7172619046875 0.0580357140625 0.7023809515625 0.102678571875 0.6324404765625 0.08630952343750001 0.63095238125 0.1264880953125 0.6026785718750001 0.12202380937499999 0.59970238125 0.15029761875 0.6889880953125 0.2172619046875 0.7291666671875 0.18303571406250002 0.7291666671875 0.215773809375 0.7619047609375 0.196428571875 0.8333333328125001 0.178571428125 0.8482142859374999 0.16815476093749998 0.8333333328125001 0.15178571406250002 0.8675595234375001 0.16220238125
4 0.7619047609375 0 0.7336309515625 0.02529761875 0.72470238125 0.0416666671875 0.6919642859375 0.0357142859375 0.6428571421875 0.0208333328125 0.625 0.0461309515625 0.625 0.0669642859375 0.659226190625 0.07440476093750001 0.690476190625 0.0788690484375 0.7306547609375 0.056547618749999994 0.75595238125 0.0550595234375 0.8005952390625 0.0550595234375 0.83779761875 0.0446428578125 0.8229166671874999 0.0297619046875 0.8020833328125001 0 0.7619047609375 0