0 0.4209620328125 0.672248709375 0.42159144218750005 0.6947626453125 0.4185312921875 0.709016875 0.43708988125000003 0.7777351796875001 0.44205674687499996 0.7840137796875 0.44962361875 0.7868190390625001 0.46349930156249997 0.7841271875 0.52481838125 0.7835408593750001 0.556687128125 0.7805332703125 0.5771894046875 0.77576644375 0.6138757453125 0.7721846453125 0.6260201421875 0.7665851328125 0.648467615625 0.761784171875 0.6573441156250001 0.7577110234375 0.668198128125 0.7487064390625 0.6698578578125 0.7403528640625 0.6697601453125 0.718319271875 0.66840436875 0.68798330625 0.66568740625 0.6797065328125 0.655299696875 0.662260565625 0.6452036156250001 0.637464378125 0.6403729453125 0.6326524109375 0.6285524953125 0.6260044031249999 0.605314015625 0.6327779375 0.5913021406250001 0.6340031578125 0.582257128125 0.6415069796874999 0.57426243125 0.644585309375 0.544475075 0.6490253921875 0.5077433359375 0.6521183140625 0.48670936249999996 0.656404796875 0.45727211093750003 0.6593697171875 0.44171054062500004 0.6596427859375 0.434493771875 0.6553623609375 0.4271538890625 0.6550014843749999 0.4244176859375 0.6570081921875001 0.4246123578125 0.6643498796875 0.4209620328125 0.672248709375
9 0.0855131265625 0.512135715625 0.0806776765625 0.5229933828125 0.0815476140625 0.553337875 0.0886592078125 0.7138259890625 0.093483025 0.7343076296875 0.09715288125 0.752850825 0.10045955625 0.76748300625 0.108041434375 0.7996684140625 0.11196113125 0.8074344078125 0.20189619374999998 0.7480747921875001 0.1952300703125 0.697265721875 0.1916362546875 0.63758861875 0.1902828265625 0.518132034375 0.0855131265625 0.512135715625
9 0.3964278765625 0.5879657093749999 0.38713179375 0.5822527515625 0.3493646625 0.5741013515625 0.3152410015625 0.5737207921875 0.25997125 0.5658765203125 0.2361804484375 0.56139725625 0.1978041328125 0.557173934375 0.189052825 0.5573274984375 0.1973183765625 0.7197540578125 0.2132394421875 0.7233920703125001 0.2323499984375 0.7299121546875 0.24818026718750003 0.7325724124999999 0.2638025578125 0.722504809375 0.2778696828125 0.7271547 0.2945815234375 0.728820140625 0.3180091421875 0.7293883906249999 0.335265759375 0.736920353125 0.356230253125 0.7424285578125 0.3884728796875 0.7457801671875 0.3964278765625 0.5879657093749999
9 0.44507597656250003 0.641955484375 0.44526899062499997 0.6419520984375 0.4540203 0.6417985328125 0.4919426359375 0.6411330875 0.5253399296875 0.6336916171875 0.5432701390625 0.627500903125 0.566062184375 0.621224875 0.5942080703125 0.5991853484375 0.594544865625 0.592324009375 0.5965540109374999 0.5824952828125001 0.5930657421875 0.5659075953125 0.599301153125 0.54914928125 0.5628284296875 0.49200781562499996 0.50279615 0.380436334375 0.33329690312500004 0.474489909375 0.3389759046875 0.48320437812500006 0.36078394999999996 0.508284721875 0.38067365 0.5441715453125 0.3987474296875 0.5605032921875 0.44507597656250003 0.641955484375
9 0.6820378046875 0.72691795 0.6757496187500001 0.7221315578125 0.6643916187500001 0.7047026187500001 0.66292725 0.7203978656250001 0.66580633125 0.7409136328125 0.6635511875 0.7585814515625 0.6787078656250001 0.7749643859375 0.692801378125 0.79038663125 0.705014565625 0.7960484 0.73087891875 0.7809043390625 0.7899061984375 0.734818590625 0.87668979375 0.652009946875 0.8923764921874999 0.6321477437499999 0.902228984375 0.6123879156250001 0.9012566156249999 0.612404978125 0.8953960234375 0.601735 0.8934249 0.590996771875 0.883584040625 0.5794172921875 0.8096165734375 0.5170576890625 0.7201735109375 0.5607391203125001 0.68518303125 0.6034650390625 0.6806463578125 0.628028321875 0.65077535 0.6314905265624999 0.6440595703125 0.6325877203125 0.6511913093749999 0.6569462500000001 0.6593598203125 0.6714931156249999 0.665829596875 0.678235015625 0.6774336015625 0.687824865625 0.6914363171875 0.70226935625 0.6962337484375001 0.7119786421875001 0.6992680328125 0.7236775609375 0.694860175 0.7286516421875 0.6820378046875 0.72691795
9 0.6257778125 0.6035281109375 0.8262021359375 0.5079525281249999 0.8229045578124999 0.4923408421875 0.7808172390625 0.41669030625000003 0.7806736703125 0.39416784531250004 0.7655550140625 0.3572179546875 0.7563349703125 0.3103710890625 0.6604221296875 0.347310621875 0.5277936875 0.40839875000000003 0.6108671359375 0.5793060828125001 0.6257778125 0.6035281109375
9 0.8754790828125 0.2299326390625 0.8513134640625 0.2528816671875 0.760095625 0.32989203906250003 0.7639470734375 0.3503907421875 0.7694708703125 0.367922059375 0.7777565656250001 0.394219034375 0.784615915625 0.415644303125 0.827588725 0.45994019374999995 0.8337938250000001 0.46276935156250004 0.9945153781249999 0.3580969875 0.9806499875 0.21927301875 0.94135095625 0.1631604984375 0.9317180765625 0.164308878125 0.8754790828125 0.2299326390625
9 0.08137765625 0.5200430578125 0.0845407578125 0.512152778125 0.188338090625 0.518166159375 0.18849017343750002 0.4358983453125 0.17354147656250002 0.4322432703125 0.15361375625 0.4169234015625 0.1314425265625 0.38793204375 0.11820419687499999 0.360742628125 0.1076369703125 0.34134111875 0.0990905203125 0.2807715734375 0.0751181265625 0.27433680312500003 0.0721893890625 0.3057273 0.07582435 0.41828841875 0.073572328125 0.50940720625 0.064071384375 0.56441735625 0.07883280937500001 0.5690550640625001 0.07839614375000001 0.529888846875 0.08137765625 0.5200430578125
9 0.3884175484375 0.5773334546875 0.389269753125 0.5528348265624999 0.33524163906250004 0.4744557828125 0.3944769 0.441097896875 0.39059906093749996 0.4098268390625 0.2703242546875 0.42564823125 0.2258677328125 0.429366375 0.192288846875 0.4348523390625 0.18645464218750002 0.434954715625 0.189052825 0.5573274984375 0.3884175484375 0.5773334546875
9 0.40718832968749996 0.5779834203124999 0.38866056875 0.556762903125 0.389413325 0.5753572874999999 0.39344636718750003 0.5978114984375 0.3959273671875 0.7084341734375 0.418518790625 0.702161665625 0.4105361453125 0.645499615625 0.4374900515625 0.6420886 0.40718832968749996 0.5779834203124999
9 0.5982527453125 0.5903002515625 0.5919265375 0.6060808140625 0.535945178125 0.6325261734375001 0.5743859 0.6269548953124999 0.6216687296875001 0.6222078078125 0.6391069375 0.631695278125 0.67985558125 0.6300008906250001 0.686304953125 0.5750442890625 0.639636959375 0.595450140625 0.623923871875 0.604539990625 0.5989643578125 0.5560106203124999 0.5926117625 0.561018828125 0.59661841875 0.572700684375 0.5982527453125 0.5903002515625
9 0.25638679999999997 0.7265523265625 0.24906183906249998 0.7315775953125 0.2422552671875 0.731697034375 0.2273973640625 0.729019715625 0.237264609375 0.7513715484375 0.31018489531250004 0.7314843796875 0.2838854796875 0.72900783125 0.272826253125 0.7252845046874999 0.25638679999999997 0.7265523265625
7 0.101299828125 0.2826915 0.11715994375000001 0.29612405 0.11743232968749999 0.2990573125 0.11332802812500001 0.30206737499999997 0.11218691562500001 0.3055151125 0.11350345625 0.3196925421875 0.1113443484375 0.3226684703125 0.110352509375 0.33296901874999996 0.117089896875 0.3583138140625 0.134415825 0.3927766046875 0.1526427953125 0.41596109375 0.1642039359375 0.4250620203125 0.17894217968749998 0.4316588265625 0.18933605 0.4334351328125 0.21907801093749998 0.42850617187499995 0.2665083265625 0.4252255171875 0.318529246875 0.41892626718750003 0.38044466093749996 0.409025678125 0.40617311093749997 0.40808453125 0.43746476406249996 0.4041077234375 0.46327093281250004 0.398758153125 0.49423172031249996 0.385973028125 0.5059028984375 0.3857682265625 0.5165237609375 0.38998891874999997 0.5320853296875 0.38971585000000003 0.5637270875 0.38426387812499996 0.5970285750000001 0.3704583328125 0.61826338125 0.35784387500000003 0.6323852953125 0.3473129265625 0.6473305328125 0.3299121015625 0.662865946875 0.3188666765625 0.6992929765625 0.31773779375 0.7241719453125001 0.31289416718749996 0.728626353125 0.3084089421875 0.7352591109375 0.29066430625 0.7328268609374999 0.253981475 0.7248252500000001 0.23600396406250002 0.7189311843749999 0.230231309375 0.7094645125000001 0.22794905937499998 0.691957746875 0.2282562609375 0.6577936984375 0.2327731453125 0.6501167890625 0.23927361249999998 0.641408803125 0.23991609062500002 0.6040345765625 0.2151088953125 0.5918186249999999 0.20944717499999999 0.540770303125 0.2157293578125 0.5063792640625 0.2178018578125 0.38643191250000003 0.21647893125 0.3165410453125 0.21917436875 0.1617101921875 0.23560213437500002 0.1290958375 0.2410711734375 0.11217924531250001 0.24773377343749997 0.102479421875 0.25867680000000004 0.0962421671875 0.275435146875 0.101299828125 0.2826915