7 0.261964353125 0.1963981765625 0.268100646875 0.20928705 0.310136678125 0.26267807187500003 0.32012171093749997 0.26812003125 0.32412118125 0.267836684375 0.3340925734375 0.2794289671875 0.33907827031250004 0.28522510625 0.3579250234375 0.27671564531250004 0.3546103234375 0.2687513359375 0.3461319109375 0.2601279609375 0.3464742953125 0.256004134375 0.3468303203125 0.245729984375 0.3440223734375 0.234655096875 0.32043614374999996 0.2014797296875 0.301000115625 0.17518458750000002 0.28935773125 0.16576047656249998 0.28467349375 0.174291475 0.2819889890625 0.1826808015625 0.27383932187500004 0.17608392343749998 0.27015495 0.1845440875 0.261964353125 0.1963981765625
7 0.5290155140625 0.6643027484374999 0.542603065625 0.698186478125 0.5585327359375001 0.7278047078125 0.6101834671875 0.72824504375 0.6396727390625 0.7292305328124999 0.6501781703125 0.7254115875 0.66286135 0.716313896875 0.6681894296875 0.7179862109374999 0.674695390625 0.7144506125000001 0.6915424125 0.706082825 0.6855841328125 0.688056875 0.6442192265625 0.632568521875 0.6355764453125 0.6229318984375001 0.62526266875 0.6154634437500001 0.5949651828125 0.603261396875 0.572652996875 0.5966429796875 0.5646676984375001 0.5910593484375 0.5550250484375 0.5814935640625001 0.549710609375 0.573670928125 0.5392324640624999 0.565189225 0.52206786875 0.5725546203125 0.52435789375 0.5857159843749999 0.529014846875 0.58948563125 0.529823059375 0.6007021921875 0.5308092859375 0.6067816781250001 0.526275775 0.622476246875 0.5250433265625001 0.6522854484375 0.5290155140625 0.6643027484374999
7 0.5560385578125 0.5752724046875 0.564681340625 0.584909025 0.5746527328125 0.59650130625 0.588144121875 0.598620175 0.572392465625 0.5638648703125 0.5482488390625 0.5655753453125001 0.5560385578125 0.5752724046875
7 0.7520747453125 0.6345585953125 0.765795375 0.590115684375 0.7715647609375 0.5547182046875 0.767270590625 0.5476005749999999 0.747782828125 0.550041465625 0.7332837718749999 0.5574302515625 0.7203294671875 0.56789039375 0.71148493125 0.5907825546875001 0.7205546890625001 0.6208876828125 0.7455125703125 0.63926455625 0.7520747453125 0.6345585953125
7 0.536670740625 0.5182256484375001 0.5268773609374999 0.50149629375 0.5070716640625 0.49162562187500003 0.48154093593749997 0.5088077578125 0.468460803125 0.5466305671875 0.4702688828125 0.5577762890625 0.47374795625 0.566753846875 0.47904875156250004 0.5807268062500001 0.490201134375 0.588135846875 0.5016896796875 0.58937171875 0.5095378937499999 0.5816414562500001 0.5157151125 0.5760793640624999 0.52372769375 0.5693623515625 0.5320963046875 0.5523711875 0.536616171875 0.542826940625 0.536670740625 0.5182256484375001
7 0.6927339328125 0.694724590625 0.7015547296875 0.6992241375 0.724414596875 0.6842810078125 0.7446308890625 0.6592762375000001 0.7448361859375 0.64183851875 0.7368645296875 0.6301045656250001 0.7190585671874999 0.620092221875 0.7104703546875 0.5858543093749999 0.706018696875 0.5646469453125 0.7077306171875 0.544027809375 0.711250615625 0.5345544 0.7062922046875 0.5164576125 0.7023336609374999 0.498289990625 0.6903625359375 0.4868393828125 0.68204849375 0.4792292546875 0.6645576328125 0.4773937328125 0.6605445203125 0.4838274 0.64969670625 0.49177017031250003 0.646368359375 0.489956184375 0.638218690625 0.48335930468750005 0.6230563046875 0.483408603125 0.61855008125 0.48680252812499997 0.6078257109375 0.5142095140625 0.6111131296875 0.5344744671874999 0.6205777640625 0.5491773281250001 0.63075053125 0.5628051265625 0.630343859375 0.578207328125 0.6296590921874999 0.586454984375 0.6327821390625 0.605706690625 0.6354120734375 0.6219186515625 0.652368896875 0.6391654 0.66896969375 0.6666863000000001 0.6927339328125 0.694724590625
7 0.5261627546875001 0.5956064390625 0.5174231390624999 0.5847393984375 0.5052108515625 0.584721034375 0.49141589999999996 0.5856983484375 0.48793126718749996 0.60184919375 0.469671725 0.6075605765625001 0.4582737625 0.6286898171875 0.4553679078125 0.6430325515625 0.43465155 0.655102865625 0.413332484375 0.6795856375 0.389119528125 0.7131089703125 0.4218705734375 0.7160900234375001 0.4613654234375 0.723011075 0.48262466562500006 0.7250391640625 0.483947853125 0.7116921109375001 0.49102292812500004 0.6961704515625 0.495216078125 0.68438718125 0.501133596875 0.6724817484375001 0.510936928125 0.65765035625 0.5224646265625 0.642696803125 0.5223707859375 0.620614596875 0.524839565625 0.60895349375 0.5261627546875001 0.5956064390625
7 0.260018959375 0.710768996875 0.26415744375 0.7104758015625 0.273157665625 0.694994465625 0.2709758109375 0.6686424171875001 0.2754831015625 0.657720446875 0.3102649609375 0.6011827875 0.281826815625 0.3678186984375 0.266364928125 0.34346774999999996 0.232435540625 0.327847 0.1989343453125 0.33421913124999997 0.260018959375 0.710768996875
7 0.3884744578125 0.47689230625 0.407806534375 0.4670405921875 0.41136534999999996 0.4180162765625 0.40880033437499996 0.40865561250000004 0.39608786406249996 0.3883509390625 0.37505535 0.387720475 0.3667783796875 0.3883068625 0.35779251562500003 0.3974255921875 0.33767975625 0.4476226828125 0.34419885625 0.4620045421875 0.3446802703125 0.47787440937500003 0.35947634375000004 0.4916698796875 0.37792948125 0.4893022875 0.3884744578125 0.47689230625
7 0.40505260625000006 0.6177933125 0.45812966718750003 0.6288767359375 0.47248739687499997 0.6077145203125001 0.4861218765625 0.6014472484375 0.48323113125 0.58362754375 0.47601749687500006 0.57141541875 0.41124823125 0.5463166296875 0.39676353125 0.547342809375 0.393985396875 0.5560217468750001 0.3800108296875 0.56019258125 0.379642025 0.5708213578125 0.38807468125 0.57764579375 0.3864868546875 0.5936622593750001 0.40248758906250004 0.6084326484375 0.40505260625000006 0.6177933125
7 0.41178707968749995 0.5367360703124999 0.45579438124999994 0.5177143640625 0.4601459859375 0.49938156874999995 0.4803426375 0.4884083375 0.4817460640625 0.47770626250000003 0.4698838140625 0.4626426796875 0.44953147343750005 0.466205084375 0.43816499843749995 0.4606487625 0.38830441250000003 0.47584408749999996 0.3767248171875 0.4883273671875 0.3572370546875 0.4907682578125 0.3504617625 0.5135138218749999 0.3519921578125 0.522947784375 0.371111115625 0.531135671875 0.37625550625000004 0.543494390625 0.41178707968749995 0.5367360703124999
7 0.49053542187500004 0.402865028125 0.4727768140625 0.40306288593749995 0.4644854859375 0.41001188125 0.45958067500000005 0.44428784375 0.4512749875 0.4575994453125 0.45349991718749993 0.46486367343749996 0.467984615625 0.46383749218750003 0.476247228125 0.4696137109375 0.48792507656249995 0.4899916828125 0.513776253125 0.4945218265625 0.525822903125 0.504271021875 0.5395556375 0.5308650046875 0.5492073171875 0.5323017531249999 0.5523398984375001 0.5193566453125 0.5701128625 0.5127961796875 0.6166012859375 0.46391127968749996 0.634204209375 0.4563025984375 0.6623664625 0.429921328125 0.69026041875 0.3696305890625 0.6894245578125 0.35802689062500004 0.6813607046875 0.340573678125 0.6614058859374999 0.3207820953125 0.6414367078125001 0.3073531171875 0.5923424484375001 0.28856567499999997 0.5692263328125 0.2944444140625 0.547796296875 0.3171679390625 0.5439691828125001 0.3322827828125 0.547142584375 0.3776493515625 0.5414306296875 0.3875964046875 0.53962968125 0.42165247031249997 0.49810350000000003 0.41081098125000004 0.49053542187500004 0.402865028125
7 0.7883076328125 0.5095522546875 0.7794037781250001 0.45466535312499995 0.74570148125 0.479151171875 0.7108644421875 0.48373975781249995 0.6979101375 0.4941998984375 0.708354603125 0.5263281656250001 0.702400815625 0.5670400328125 0.71148493125 0.5907825546875001 0.7217041765625 0.56991353125 0.7358631453125 0.560428309375 0.7713947171875 0.5536699875 0.7883076328125 0.5095522546875
7 0.4611110703125 0.45372180625 0.46604459687500005 0.4067206296875 0.46332389531249996 0.3899491421875 0.45180173281249997 0.37698199374999997 0.4342275265625 0.3718654609375 0.4181837171875 0.37618289374999997 0.40847460468749996 0.400196571875 0.4111953078125 0.416968059375 0.40422125312499996 0.4513906203125 0.407806534375 0.4670405921875 0.440404284375 0.4615503828125 0.453669959375 0.465911890625 0.4611110703125 0.45372180625
7 0.5267781390625 0.3101748671875 0.539916846875 0.2944003359375 0.5406257375 0.28586799375 0.535977121875 0.2830165359375 0.533086375 0.26519682968749997 0.5280976703125 0.2602489328125 0.50050298125 0.2643244296875 0.48580516406249996 0.2833902109375 0.4415991 0.31408891250000004 0.43743189843749997 0.3271073203125 0.4562251265625 0.3268361640625 0.488765446875 0.34679638437500004 0.5026130453125 0.3224895109375 0.5267781390625 0.3101748671875
7 0.3980875703125 0.3426178765625 0.41553480625 0.327598371875 0.4164424578125 0.307389034375 0.4053034578125 0.2774305015625 0.3806425890625 0.2802378859375 0.32956297968750004 0.300820896875 0.3223062734375 0.30769659531250004 0.3198682265625 0.31847196875 0.34173660156249996 0.33070613125000003 0.359452134375 0.34959609375 0.3822281625 0.3416209203125 0.3980875703125 0.3426178765625
7 0.74250161875 0.369110315625 0.7557529359374999 0.3798344296875 0.7678531859375 0.383462915625 0.7587493015625 0.327342934375 0.73125000625 0.3126531390625 0.6653191484375001 0.26749161093749996 0.631488015625 0.2847321109375 0.624897125 0.3021632875 0.647119946875 0.3101312796875 0.6727580046875 0.33270102343749997 0.683075503125 0.34469325 0.6912950390625 0.369557290625 0.7185496421875001 0.36338535781250003 0.74250161875 0.369110315625
7 0.5527320765625 0.192767265625 0.561887984375 0.184696753125 0.5543916953125 0.144937765625 0.5356128250000001 0.138846315625 0.525465371875 0.12790230625000001 0.515289203125 0.1296835078125 0.499798596875 0.11805777343749999 0.48840340624999995 0.1252266640625 0.4695096703125 0.1700360671875 0.46850150937499996 0.23478365 0.5003903703125 0.23782578437500002 0.5174688015625 0.2334350546875 0.53970598125 0.2350404421875 0.54767158125 0.21963240156250002 0.5527320765625 0.192767265625
7 0.531371578125 0.26107725625 0.5401873984375001 0.2509103078125 0.5293597703125 0.235773425 0.49589743906250006 0.24238515 0.4750493265625 0.2364402953125 0.4505585015625 0.24029589687500003 0.4091305703125 0.262315659375 0.4447173234375 0.307506409375 0.45299429375000005 0.3069200203125 0.4656085109375 0.29436344375 0.48304138906249994 0.28570654218749997 0.502572225 0.2641778328125 0.531371578125 0.26107725625
7 0.3199687328125 0.273933721875 0.2716407953125 0.2211635109375 0.25783627343750004 0.2263825625 0.19422558750000002 0.305192478125 0.19827178125 0.3301348234375 0.2053653421875 0.32870454374999997 0.207307615625 0.30842190937499997 0.2192273 0.29803506562500004 0.24370376562499999 0.3005420703125 0.254375709375 0.3082681296875 0.2639986734375 0.322430090625 0.2705464890625 0.32408673593750004 0.29247229531249996 0.3108704703125 0.32149912812500003 0.28336768437500004 0.3199687328125 0.273933721875
7 0.52942705 0.3587593890625 0.505120628125 0.3573006015625 0.4909760171875 0.36042321875 0.48526406250000004 0.37037026875 0.48642565312499997 0.39043300937500003 0.49174008750000003 0.40383994999999995 0.5091298890625 0.41427086874999997 0.5411887937500001 0.41836122031249995 0.5452577421875 0.37248156250000003 0.52942705 0.3587593890625
7 0.5072760187500001 0.318978365625 0.4920537140625 0.3412620984375 0.49219503906249995 0.35503553125 0.532871003125 0.3606359296875 0.54374170625 0.3566849921875 0.545216921875 0.3141698828125 0.5352251546875 0.310636696875 0.5072760187500001 0.318978365625
7 0.34064229375 0.43362935625 0.3166616 0.44062961093749997 0.2971307640625 0.4621583203125 0.295528578125 0.48453739375 0.3038320109375 0.5486252890625 0.33124229843749997 0.54986418125 0.34697473749999996 0.5307251015625 0.3546289640625 0.5004954140625 0.34064229375 0.43362935625
7 0.42900458124999996 0.6235182703125 0.402317546875 0.6073844312500001 0.38824472656250003 0.5786940140625 0.3648459546875 0.5570258890625001 0.3584969 0.5436922484375 0.352643615625 0.5398658703125 0.3412627828125 0.5406721546875 0.32881860937499996 0.5542769484375001 0.3408221859375 0.5831139640624999 0.3424795515625 0.6126839640624999 0.391870825 0.6526556625 0.4206558203125 0.6559176921875001 0.432065371875 0.6423861953125 0.42900458124999996 0.6235182703125
7 0.5359196890625 0.3084669625 0.5469460765624999 0.3119268484375 0.5826907671875 0.2871289265625 0.5908264109375 0.27276910625 0.5731252375 0.2475165359375 0.5718079609375 0.22004297187500002 0.5587123296875001 0.2167296828125 0.548706203125 0.2195591046875 0.5448503734375 0.2473991609375 0.531541621875 0.2621254734375 0.5352969453124999 0.27882366406250003 0.5418447609375 0.280480309375 0.547173553125 0.287524640625 0.5407814234375 0.29327882031249997 0.5359196890625 0.3084669625
7 0.33753842968750003 0.43384925 0.359890475 0.38455378125 0.36112385625 0.3728034890625 0.354463428125 0.3446481984375 0.34260117968750003 0.329584615625 0.3202083140625 0.32056840625 0.292089134375 0.32786185625 0.276526740625 0.34804915468750003 0.28405174375 0.37508292656250003 0.2904416203125 0.4467282453125 0.2976696109375 0.4525777625 0.3107796015625 0.44952844374999995 0.322699284375 0.43914160156250004 0.33753842968750003 0.43384925
7 0.4058400515625 0.3452494421875 0.38465185156250004 0.3372081515625 0.35429338593750004 0.3435999796875 0.3609394546875 0.3781178765625 0.368677578125 0.3871120484375 0.3929840015625 0.3885708359375 0.4079644734375 0.397051915625 0.41799931562500003 0.3814972828125 0.4132380875 0.35214717812499996 0.4058400515625 0.3452494421875
7 0.19762721875 0.319710371875 0.196535915625 0.3194342671875 0.1981229921875 0.329217634375 0.20000783437499997 0.334385425 0.2405281109375 0.332575 0.2644800875 0.338299959375 0.263828628125 0.32138187500000004 0.2567850390625 0.31021796875 0.2447383875 0.300468771875 0.22836884687499998 0.2963271609375 0.2142242359375 0.2994497765625 0.1976415765625 0.313347765625 0.19762721875 0.319710371875