7 0.5430514703125 0.4053539453125 0.5267002078125 0.3942605859375 0.5062611265625 0.398111353125 0.42177959375 0.4611835828125 0.3304850359375 0.5146363453125 0.30868335 0.5402773703125 0.2923320875 0.575522003125 0.266442584375 0.59021239375 0.2746182171875 0.6134765421874999 0.2923320875 0.6354888187500001 0.30459553437500003 0.6329057812500001 0.32094679843749996 0.6167414984375 0.353649328125 0.617122103125 0.3863518546875 0.6093254171875 0.5784792109375 0.4848134328125 0.579841815625 0.4671118234375 0.540326259375 0.4107737578125 0.5430514703125 0.4053539453125
9 0.1587967609375 0.34364077656249997 0.11655599531250001 0.3540522203125 0.11383078437500001 0.384003909375 0.1369950765625 0.3965394453125 0.1465333140625 0.414367921875 0.2010375265625 0.46679178749999994 0.3141337703125 0.477648225 0.32367200937499996 0.4763963515625 0.3304850359375 0.4682983515625 0.3386606671875 0.4479502703125 0.35773714375 0.2410142015625 0.33934197187500004 0.23262281875 0.239562096875 0.23146154062500002 0.23510266093749999 0.24367557812500001 0.23510266093749999 0.23413540156249998 0.22897093750000003 0.231338275 0.1404416671875 0.230307934375 0.1356324703125 0.2506951953125 0.143808103125 0.256241875 0.14517070781250002 0.2726123203125 0.16833499999999998 0.29741379375 0.17106021093749998 0.32879179999999997 0.1587967609375 0.34364077656249997
10 0 0.366371940625 0.00482235625 0.3677435203125 0.06750220312500001 0.3671101328125 0.14517070781250002 0.3489337203125 0.16697239375 0.3382844 0.1696976046875 0.3151471203125 0.1656097875 0.298744959375 0.12064381093750001 0.24098057499999997 0.1206438125 0.23007751875000002 0 0.22867341562500001 0 0.366371940625
7 0.0988421265625 0.547375325 0.077040440625 0.586645171875 0.077040440625 0.617991459375 0.09066649375 0.6372303984375 0.1274568375 0.648561634375 0.1778732375 0.642333990625 0.220114003125 0.6196566109375 0.24327829374999999 0.5831283875 0.23510266093749999 0.557138475 0.220114003125 0.54742385625 0.1642471828125 0.53995924375 0.11655599531250001 0.5407670765625 0.0988421265625 0.547375325
8 0.6179947640625 0.588852375 0.5852922375 0.617092296875 0.5716661828125 0.6455542375000001 0.5730287875 0.678279265625 0.5866548421875 0.697518203125 0.608456528125 0.7127636421875 0.6248077921874999 0.7170425921875 0.6670485578124999 0.699816740625 0.6997510874999999 0.6661252921874999 0.7133771390625 0.629486059375 0.713377140625 0.60767994375 0.702476296875 0.5884727265625 0.6711363734375 0.5785678046875 0.63979645 0.5782030578125 0.6179947640625 0.588852375
7 0.9913486328125 0.33861123593750003 0.99134863125 0.24021114531249999 0.9613713140625 0.23986225625 0.8932410453124999 0.27450426562499997 0.8441872546875 0.3339001703125 0.8169351468749999 0.3472118203125 0.8182977515625 0.373122440625 0.8278359890625 0.38141074218750004 0.8659889390625001 0.3764032546875 0.8905158343749999 0.367148534375 0.92730618125 0.36485095 0.958646103125 0.35022399375 0.966821734375 0.340778971875 0.9913486328125 0.33861123593750003
7 0.7937708546875 0.3632968109375 0.7951334609375 0.2992572078125 0.7719691703125 0.24310944375000001 0.724732184375 0.23710815156249998 0.7008659453125 0.2368303859375 0.6997510874999999 0.24908334999999998 0.7297284046875 0.260335296875 0.712014534375 0.3132815390625 0.71610235 0.34058675781250003 0.737904034375 0.370823903125 0.7542553015625 0.3832801453125 0.76515614375 0.4079388921875 0.7815074078124999 0.40812919531249997 0.807396909375 0.3948016859375 0.7937708546875 0.3632968109375
7 0.6653715046875 0.2364172875 0.5673188234375 0.2352761078125 0.5648531578125 0.261142171875 0.568940971875 0.2652783953125 0.5852922359375 0.2681944625 0.620719975 0.29041290000000003 0.7052015078125 0.318653775 0.712014534375 0.3187330671875 0.7229153765625 0.30250535156249997 0.7310910078124999 0.2671655640625 0.72700319375 0.25348916718750003 0.6653715046875 0.2364172875
8 0.0552387546875 0.36969317031250004 0.0048223578125 0.5081203828125 0.0061849625 0.5517484703125 0.05251354375 0.565916484375 0.0824908625 0.5621767265625001 0.116555996875 0.53940419375 0.126094234375 0.49045144531249996 0.143808103125 0.45658555312500004 0.14108289375 0.4034014328125 0.1179186015625 0.381325721875 0.115193390625 0.35676212500000004 0.0552387546875 0.36969317031250004
8 0.938207021875 0.790197053125 0.940629434375 0.8011283046875001 0.9865148218750001 0.8016623375 0.9913486328125 0.52473355625 0.9913486328125 0.5101857109375 0.966821734375 0.5165907703125 0.902779284375 0.5540061171875 0.874164571875 0.5809307312499999 0.8605385171875 0.6053040234375 0.872801965625 0.66677645 0.8837028078125 0.6791692546875 0.9218557578125001 0.7586604609375 0.925943575 0.77915126875 0.938207021875 0.790197053125
0 0.13018205 0.74672086875 0.0974795203125 0.7517917921875 0.0634143875 0.7691127953125 0.053154768750000005 0.7907995046875 0.1847367296875 0.7923309109375001 0.18604886874999998 0.7569112453125 0.1656097875 0.7484960734375 0.13018205 0.74672086875
8 0.6806746109375 0.47918841562500003 0.65069729375 0.46793647031249996 0.635708634375 0.4691249078125 0.626170396875 0.477191190625 0.594830475 0.5354303781249999 0.568940971875 0.5692011171875 0.575754 0.5938122890625 0.5934678671875 0.6103730374999999 0.6057313171875001 0.6105157640625001 0.6397964515625 0.5836545859375 0.6670485578124999 0.578520228125 0.6765867953125 0.555462240625 0.6806746109375 0.5187119984375 0.6888502453124999 0.513355621875 0.6874876375000001 0.49017076406250004 0.6806746109375 0.47918841562500003
6 0.658872925 0.451677034375 0.7310910093749999 0.46887212656250005 0.7528926953124999 0.46367433281250003 0.7651561453125 0.44473671093749995 0.7665187484375 0.4147691625 0.75561790625 0.381933121875 0.7528926953124999 0.353280878125 0.7447170640625 0.3381940234375 0.7256405890625001 0.3175287703125 0.7065641140625 0.31730675 0.5662157624999999 0.2638837953125 0.569948115625 0.235306709375 0.5471392875000001 0.2350412515625 0.5471392859375 0.247307190625 0.5348758375 0.273059225 0.5348758375 0.292139575 0.522612390625 0.3110771984375 0.5198871796875 0.326037184375 0.5253376015625 0.356084028125 0.523974996875 0.399680396875 0.5812044203125 0.4153381625 0.619357371875 0.43758831562499995 0.658872925 0.451677034375
6 0.8700767546874999 0.6531159093750001 0.864626334375 0.601262953125 0.8973288625 0.56075709375 0.8278359890625 0.5299648984374999 0.796496065625 0.532325915625 0.7678813546875001 0.5279042406250001 0.7419918515624999 0.493530875 0.701113690625 0.482152059375 0.6684111640625 0.4654168671875 0.6779493999999999 0.5295833390625 0.6943006640625 0.547491109375 0.6861250328125 0.58283089375 0.7024762984375 0.5939242546875 0.712014534375 0.61856714375 0.7106519296875 0.6389945171875 0.6983884812500001 0.6661094328125 0.6670485578124999 0.699816740625 0.63843384375 0.7158382984375 0.6166321609375001 0.715584559375 0.5880174484375 0.6948082984374999 0.5771166046875 0.6796897234375 0.57439139375 0.64831171875 0.5934678671875 0.6103730374999999 0.57439139375 0.589707784375 0.568940971875 0.5719268828125 0.588017446875 0.544891259375 0.5907426578125 0.5326570375 0.5812044203125 0.5257316171874999 0.5607653406249999 0.5295823828125 0.5212497859375 0.5863635359375 0.5103489421875 0.5862366671875 0.4912724671875 0.6119094078125 0.46947078124999997 0.611655671875 0.45993254375000003 0.6197219546875 0.44494388437500004 0.65225668125 0.4435812796875 0.6590552359374999 0.4531195171875 0.6687064203124999 0.4422186734375 0.6862970203125001 0.4422186734375 0.7203690734375 0.417691778125 0.733712440625 0.417691778125 0.74870414375 0.442218675 0.784424534375 0.46947078124999997 0.7915561171875 0.468448828125 0.7956328703125 0.7122416359375 0.7984702328125 0.6997510874999999 0.79151045 0.697025875 0.7846643234374999 0.7283657984375 0.778214659375 0.750167484375 0.7593880453125 0.76243093125 0.7349988953125 0.7992212765625 0.7422414875000001 0.834649015625 0.731750753125 0.8482750687499999 0.6842084640625 0.864626334375 0.67076994375 0.8700767546874999 0.6531159093750001