7 0.1990105984375 0.45461448437499996 0.165954353125 0.44817196875 0.102628378125 0.46687420468749996 0.037675528125 0.497199534375 0.0492804296875 0.65034806875 0.0532166484375 0.6450838921875001 0.09281831562500001 0.6314310843750001 0.12160305 0.5983483484375001 0.13896540468750002 0.597682953125 0.1740020078125 0.5696429625 0.1882476015625 0.5656706296875 0.21703233437499997 0.5325878921875 0.22669451875000002 0.5157995078125001 0.21923285781250001 0.47925183593750004 0.1990105984375 0.45461448437499996
7 0.391259115625 0.7444855875 0.3976944546875 0.733817040625 0.4390023828125 0.57404920625 0.42965209687500006 0.56412839375 0.41901863281249996 0.5289871734375 0.3907109171875 0.521220546875 0.3477539796875 0.5519911 0.2847938390625 0.67447020625 0.2795866359375 0.71507255 0.295023671875 0.744176271875 0.37859025 0.7485402609375 0.391259115625 0.7444855875
7 0.66526339375 0.518265178125 0.64005409375 0.5153766203125 0.6065942171875001 0.5434989484375 0.6000121 0.56673653125 0.6731459296875 0.6538763375000001 0.712343965625 0.6747883734375 0.7497084171874999 0.7176138796875 0.80923879375 0.75373649375 0.8201107656250001 0.7684530328125 0.8673942562500001 0.7724943453125 0.8927503328125 0.7628138703125 0.9007990937500001 0.7490854031249999 0.899332446875 0.7395762875 0.8666064468749999 0.70485344375 0.8402790890625 0.6626043125 0.7606365359375 0.5924175703125 0.7229785328125 0.5747301328125001 0.696541096875 0.541907778125 0.66526339375 0.518265178125
7 0.671662040625 0.5107388890625 0.629512365625 0.4723797515625 0.571522021875 0.43948173749999997 0.5449745046875 0.4160861578125 0.4645980734375 0.4087445890625 0.4411306234375 0.39179820468750004 0.42851679843749996 0.391139490625 0.41878122968750003 0.41421239375 0.442248678125 0.43115877812500003 0.467127734375 0.462327665625 0.4733245640625 0.4720837984375 0.4730310140625 0.4972218671875 0.49039336875000006 0.49655647031249994 0.5657644140625 0.5272179609375 0.5702560859375 0.5478896609375 0.56195046875 0.5836139375 0.6262293765625 0.6184124390625 0.6310696390625 0.60923268125 0.60309216875 0.5731857265625 0.600158875 0.554167496875 0.6337288359375 0.5166183921874999 0.647992775 0.5110749296875 0.670030271875 0.5153699390625001 0.671662040625 0.5107388890625
7 0.8861715312499999 0.380453071875 0.8594221984375 0.3743399125 0.8309126656249999 0.383855709375 0.7830604218749999 0.42851940624999996 0.7451455625000001 0.4328277765625 0.737060109375 0.44969850312500004 0.700501815625 0.47294276718750006 0.6923429734375001 0.496098009375 0.671625346875 0.51388115 0.6730919937500001 0.5233902640625 0.71683674375 0.5602606125 0.7374442875 0.5519042484375001 0.7674388125 0.5503264375 0.8215245812499999 0.512276615625 0.8502726234375 0.4823361390625 0.8962912828125 0.45958591249999997 0.9139471875 0.4337824484375 0.9126456624999999 0.41013316875 0.8861715312499999 0.380453071875
7 0.8480709953125001 0.67087165625 0.874453390625 0.7084074 0.932810671875 0.709882828125 0.9964852359374999 0.6613291390625 0.9778580515625 0.635202996875 0.9169527625 0.581715621875 0.873409828125 0.52756285 0.821542928125 0.5107054875 0.7722423843749999 0.5442889390625 0.745346275 0.550744815625 0.74211943125 0.5568646546875 0.79187754375 0.6192024296875001 0.8480709953125001 0.67087165625
7 0.2112563796875 0.6218952468750001 0.22211000625000002 0.6381829156250001 0.2307447640625 0.7093777718750001 0.2478319140625 0.732279315625 0.271482834375 0.7335144046875001 0.2782117234375 0.6977077890625 0.304008125 0.650320209375 0.323589346875 0.594747628125 0.298857065625 0.55100970625 0.26459103125 0.5130622640625 0.25049221250000003 0.5044655640625 0.23314820625000002 0.5035598296875 0.20581177031250003 0.5477228109375 0.202254684375 0.5821229765625 0.2112563796875 0.6218952468750001
7 0.664311565625 0.3295649828125 0.6516977421875 0.32890626875 0.6452624015625 0.3395748140625 0.6456649296875 0.44020943125 0.6390277734375001 0.46816040000000003 0.6404210328125 0.48395403281249993 0.6684902375 0.512145340625 0.6779689515625 0.5110682484375 0.6939197 0.49618034843750003 0.7020785421875 0.47302510625 0.7164342171875 0.459625996875 0.7230713734374999 0.4316750265625 0.7115767109375 0.3351774234375 0.702244771875 0.32368548124999996 0.68642245 0.327575475 0.6754587421875 0.32071458124999996 0.664311565625 0.3295649828125
7 1 0.5222247890625 0.955711578125 0.5051353015625 0.9191532859375 0.5283795625 0.8874719515624999 0.5393018109375001 0.8841717203125 0.551706165625 0.9012588703125 0.5746077109375001 0.96682095625 0.6346266203125001 0.9825331953124999 0.6401634031250001 1 0.6269609640625 1 0.5222247890625
8 0.70961138125 0.7736871812499999 0.641830428125 0.76857545625 0.6368250421874999 0.7918953796875 0.6339467890625 0.7681637609374999 0.5976270046875001 0.7709833421875001 0.5945285921875 0.7661052749999999 0.5093852812499999 0.761658946875 0.49044619999999994 0.7622420046875 0.49191284843750005 0.77175111875 0.4823790921875 0.7775416015625 0.47535665156249995 0.8384862875 0.7117924546875 0.8571217140625 0.7307315375 0.8565386578125 0.740448759375 0.83503688125 0.7449771265625 0.8525663234374999 0.7559775281250001 0.8562849578125 0.7561426499999999 0.8421447921875 0.7498724343750001 0.8386731781250001 0.7536863765625 0.7822772015624999 0.7442076625 0.78335429375 0.7411459406249999 0.7753339687499999 0.7127648390625 0.773851859375 0.7094095671875 0.790969603125 0.70961138125 0.7736871812499999
8 0.6668206718749999 0.655118109375 0.5927694984375 0.64653476875 0.55643136875 0.6509254796875 0.527903490625 0.6620124046875 0.5101558515625 0.695671515625 0.49689988749999997 0.750002328125 0.7397159890625 0.7626825937499999 0.7372230203125001 0.7059572609375 0.7107855843750001 0.6731349046874999 0.6668206718749999 0.655118109375
7 0.42094284843749996 0.634417515625 0.3993812625 0.724472603125 0.40075617656249996 0.741837365625 0.40858477656250003 0.7469624500000001 0.47640242343750006 0.7489319156249999 0.5054256671874999 0.6954244968750001 0.543780853125 0.6534090234375001 0.5424976734375 0.628188615625 0.568532584375 0.5603763546875 0.5704579015625 0.5306072375 0.4982586609375 0.49853929687500004 0.4793562734375 0.4959800953125 0.460013559375 0.5311279984375 0.45009451875 0.56991219375 0.42094284843749996 0.634417515625