10 0.7473068578125 0.15466238593749998 0.7467235734375001 0.15788852656250002 0.77023471875 0.22220618593750002 0.7819425437499999 0.233417490625 0.8011618296874999 0.23169403437499997 0.8167740890624999 0.22032339687500002 0.8192571031250001 0.1542427703125 0.7473068578125 0.15466238593749998
10 0.68453646875 0.20981502500000002 0.671418025 0.20344605468750002 0.6353068328125 0.224604459375 0.6647523750000001 0.316280790625 0.707488275 0.2999178578125 0.7372366953125 0.28040793124999996 0.68453646875 0.20981502500000002
10 0.8380888234375 0.270151540625 0.8914493468750001 0.2778971890625 0.9003059375 0.25850910312500003 0.8912883734375001 0.23439115156249998 0.8522959359375 0.1846661046875 0.832880203125 0.1815566 0.81874404375 0.18969588906249998 0.817529875 0.1993711859375 0.8186076078125 0.2654310484375 0.8256906921875 0.281503434375 0.8338569781249999 0.284678546875 0.8380888234375 0.270151540625
10 0.9086986765624999 0.3068012390625 0.9111270125 0.28745064375 0.8881697375 0.27630494687499996 0.84612414375 0.270104678125 0.834940178125 0.27178127343749997 0.8335950453125 0.278234596875 0.8307028640624999 0.3652654140625 0.87609355 0.374668909375 0.8828192140625 0.342402296875 0.89616958125 0.31493115625 0.9086986765624999 0.3068012390625
10 0.944059553125 0.2276379125 0.94835688125 0.21472189375 0.952362271875 0.155077865625 0.9506897249999999 0.15347625 0.9016742750000001 0.15376210937499998 0.8672833734375001 0.19746965156250001 0.8694143015625 0.21034818125000002 0.8963714968750001 0.2408069859375 0.9283818109374999 0.237397559375 0.944059553125 0.2276379125
10 0.585089484375 0.294186215625 0.533205059375 0.2832092203125 0.5231997859375 0.31388359062500004 0.51735540625 0.40737710156249995 0.5678946984375 0.42480741875000005 0.6195581375 0.31171025625 0.585089484375 0.294186215625
10 0.7285192015625 0.6591305890625 0.74832783125 0.6719060203125 0.7586250437500001 0.6879596593749999 0.7731541015625 0.6894862953125 0.7933256203125 0.671643590625 0.7977239093749999 0.6216654890625 0.8051044015625 0.60550875 0.8037292609375 0.5716780124999999 0.792086915625 0.5620776921874999 0.75191031875 0.5623120046875 0.7383635015625 0.5849501828125 0.740428946875 0.596217721875 0.7250131359374999 0.6124213234375 0.7285192015625 0.6591305890625
10 0.613672815625 0.5228339765625 0.6145595671875 0.505103740625 0.5877988203125 0.4794778984375 0.5506399 0.47486050312500006 0.533158646875 0.4797965609375 0.5241056093750001 0.49435168437500004 0.5281355375000001 0.55394885 0.5318735265625001 0.56681800625 0.5734252640624999 0.6004144328125001 0.5938941921875001 0.5503426046875 0.613672815625 0.5228339765625
10 0.414748840625 0.6512922921875 0.4467591546875 0.64788286875 0.4861499578125 0.6283167062499999 0.523147903125 0.589428065625 0.5205585968750001 0.565272625 0.49353591874999997 0.5332028328125 0.47546531718749996 0.52364000625 0.4512938765625 0.5221696046875001 0.4232834859375 0.5448921359375001 0.378280225 0.6241116984375 0.3771970265625 0.6370089703125 0.39264284374999997 0.66108943125 0.414748840625 0.6512922921875
10 0.531636134375 0.6796152515625 0.524160153125 0.653876940625 0.51419035625 0.6458782375000001 0.49644717031249996 0.6443703468749999 0.40986216718749996 0.649709421875 0.399267546875 0.6658849046875 0.39910110625 0.7013360015625001 0.46616941718750005 0.729949509375 0.483912603125 0.7314573984375 0.519565415625 0.69902208125 0.531636134375 0.6796152515625
10 0.5029954531249999 0.8054691 0.542255290625 0.7826809640625 0.5853840859375 0.7759839578125 0.61152548125 0.7468268499999999 0.6152989468750001 0.72102293125 0.6045433546875 0.693692378125 0.5682057078125 0.669733759375 0.54724839375 0.6682446140625 0.5176309390625 0.690976515625 0.457705725 0.7590035187499999 0.4536048453125 0.7767524984375 0.4646223671875 0.8105270015625001 0.5029954531249999 0.8054691
10 0.5805929015625 0.8162961359375001 0.6231323515625 0.7951002421875 0.60427595625 0.7662055640625 0.592830059375 0.7614382078124999 0.5616055421875 0.7841794828124999 0.53280935625 0.7875701609375 0.49810877812500004 0.8038862312499999 0.49837071093749996 0.81033018125 0.5250004921875 0.832734046875 0.5406782328124999 0.8229743953125 0.5805929015625 0.8162961359375001
10 0.5437259203125 0.85840675 0.55421958125 0.879293353125 0.595378421875 0.9032238546875 0.611383578125 0.9015191437500001 0.62384719375 0.8917782390625 0.6583867984375 0.8319561343749999 0.64294098125 0.807875671875 0.618376640625 0.796739346875 0.5437259203125 0.85840675
10 0.16981763593750002 0.201537296875 0.1118323671875 0.1986527296875 0.06542396406249999 0.2037574921875 0.051418767187500006 0.215118759375 0.052597456249999994 0.24411653437499997 0.0653530109375 0.281103640625 0.13091521718750002 0.27266443281249997 0.1839183203125 0.2320710796875 0.1814599796875 0.2111376140625 0.16981763593750002 0.201537296875
10 0.7597546578125 0.47847504531249996 0.784812853125 0.46221521093750007 0.78730666875 0.44447560468749997 0.7802890671875 0.4300142046875 0.7653671109375 0.41882164531250005 0.747623928125 0.4173137546875 0.6897996328125 0.457935221875 0.6877641953125 0.48695174531249996 0.6983233390625 0.5094493328125 0.7361725609375 0.49150353437499994 0.758802421875 0.49459429374999997 0.7597546578125 0.47847504531249996
10 0.8148477421875 0.5683904296875 0.8154370890625 0.5828893171875 0.8598755375 0.6084120625 0.9019866140625 0.616223315625 0.90290884375 0.5598200078125 0.8740471765625 0.5615996984375 0.8701127375000001 0.54389758125 0.8452209828124999 0.5247063171875 0.8148477421875 0.5683904296875
10 0.2391123625 0.2849243796875 0.23986815 0.26397216874999996 0.22757097656249997 0.238261975 0.1917571890625 0.22719125624999997 0.1339983796875 0.26942371249999997 0.1318319765625 0.2952182578125 0.1387840953125 0.30806866718750003 0.16302102031250001 0.31115005625 0.17207405781250001 0.296594934375 0.1894898296875 0.2900478859375 0.2391123625 0.2849243796875
10 0.194185525 0.2078406609375 0.1902810921875 0.230422603125 0.2194046921875 0.2350868625 0.24301679375 0.2623424359375 0.267747575 0.23802766250000001 0.2670272640625 0.2203068 0.25010534687499997 0.19945768749999998 0.2079287875 0.1900354453125 0.194185525 0.2078406609375
10 0.21804714062500002 0.1577490453125 0.2179340625 0.15936107500000002 0.1833644515625 0.1788991203125 0.2000244359375 0.1933042828125 0.2191782359375 0.1899698390625 0.24682573593749998 0.1978654453125 0.2618131734375 0.21066899218750001 0.268896259375 0.226741378125 0.2786696078125 0.22990711875 0.29543055156250003 0.20725019687500001 0.295793440625 0.1766320609375 0.279264421875 0.1654488734375 0.2404984390625 0.1608408484375 0.23618910624999997 0.1576432421875 0.21804714062500002 0.1577490453125
10 0.17207405781250001 0.296594934375 0.1645626 0.3095296953125 0.1970913078125 0.39796530625000004 0.24497581249999997 0.389629196875 0.24861831093750003 0.360603303125 0.24426096875 0.2929511984375 0.2295354609375 0.28659160156249996 0.2006083109375 0.28676030625000004 0.17207405781250001 0.296594934375
10 0 0.34192934375 0.0032968718750000002 0.336252115625 0.036455868749999995 0.32155640625 0.0012669031250000001 0.2863115015625 0 0.286066884375 0 0.34192934375
10 0 0.41505831875 0.0401883890625 0.41338269531250005 0.05534226875 0.390735146875 0.08368007499999999 0.376067553125 0.0812217328125 0.3551340890625 0.06262727031250001 0.332683359375 0.025337384375 0.3248439875 0.0063145484375 0.33140040625 0 0.3400277375 0 0.41505831875
10 0.1826277328125 0.398049659375 0.1970913078125 0.39796530625000004 0.19443651875 0.3721988796875 0.1838118921875 0.3480903 0.1556405296875 0.32730679375 0.128254959375 0.3258551375 0.10011360312499999 0.34535569375 0.094340175 0.3615030578125 0.09860202968750001 0.3872601140625 0.1218867171875 0.40646075000000004 0.1511412828125 0.41434698281250004 0.1826277328125 0.398049659375
10 0.090561240625 0.46626411093750003 0.1267379171875 0.44671669375 0.13900508281249999 0.432142825 0.140088284375 0.4192455546875 0.13474322968750002 0.40638577187499997 0.11841065937499999 0.40003554531249996 0.09666755 0.3792145484375 0.0772518171875 0.37610504375 0.05822898125 0.3826614640625 0.044420235937500004 0.3988556890625 0.0427122125 0.4359271484375 0.0597650953125 0.45999823749999996 0.090561240625 0.46626411093750003
10 0 0.49721298125 0.01922560625 0.49085068437499996 0.018832709375 0.48118475937499994 0.0447421796875 0.4858677625 0.0679968625 0.4647843359375 0.04786081875 0.44395396875 0.041729970312499996 0.411762334375 0.03369465 0.411809196875 0 0.41499748593749997 0 0.49721298125
10 0.11958387968749999 0.50799045625 0.134178421875 0.5111280796875 0.2071866015625 0.48814312031249996 0.23372089375 0.46865193749999995 0.23408378437500002 0.438033803125 0.2218520953125 0.413934596875 0.21014426875 0.402723290625 0.18571089375 0.3948089390625 0.1650809953125 0.40137473124999995 0.1390705640625 0.4337538140625 0.1048283671875 0.4613467953125 0.10105489999999999 0.4871507140625 0.11958387968749999 0.50799045625
10 0.252184390625 0.4878806921875 0.2771416265625 0.50868294375 0.291766175 0.552104625 0.301408559375 0.5520483921875 0.30452719687499996 0.5101346 0.327288021875 0.516447334375 0.3714400046875 0.41628493281249995 0.3691781125 0.4001844296875 0.34848273125 0.4051392359375 0.33011472343750003 0.4278055296875 0.28905137187499996 0.4457700765625 0.25152956249999997 0.47177081562499995 0.252184390625 0.4878806921875
10 0.140999575 0.5207565125 0.10928667031249999 0.4919368140625 0.10804249531250001 0.46132805 0.0951859828125 0.46140302968749997 0.0584199625 0.466451559375 0.0370997578125 0.49558055 0.044379290625 0.5164858984375 0.089799984375 0.5661734546875 0.11144760312499999 0.5450994031249999 0.1447375640625 0.5336256671874999 0.140999575 0.5207565125
10 0 0.5755876890625 0.019744 0.5826957171875 0.023285543750000002 0.5907319109375 0.0887822671875 0.580681715625 0.0942937625 0.5580904015625 0.0306060203125 0.494007053125 0.0095832234375 0.49090691875000003 0 0.495867175 0 0.5755876890625
10 0.151487765625 0.6206002500000001 0.1886166765625 0.584933584375 0.203080253125 0.584849234375 0.19947322812499999 0.5752020546875001 0.157790525 0.5383836515625 0.1334226328125 0.5320802875 0.1143343171875 0.5370257203125 0.09435924531249999 0.5597013875 0.08969902656249999 0.603235540625 0.1001272046875 0.6225111562500001 0.135613575 0.6255269375 0.151487765625 0.6206002500000001
10 0.0477789296875 0.679214384375 0.06030802656249999 0.671084465625 0.0641469765625 0.6468915359375 0.098389175 0.6192985531249999 0.095472453125 0.5870881765625 0.07753281875 0.5807473234375 0.037552668750000004 0.5858145953125 0.012363510937499999 0.59885245625 0.01373865 0.6326831953125 0.027446437499999997 0.6535510515625 0.038957815624999996 0.6599293953125 0.0477789296875 0.679214384375
10 0 0.62167485 0.01295285625 0.61335134375 0.01242899375 0.60046344375 0.0217439609375 0.5923522718750001 0.021416546875 0.5842973328125 0 0.5753770796875 0 0.62167485
10 0 0.7351739546875 0.0400655546875 0.7662733187499999 0.056136193749999994 0.76617959375 0.07470065000000001 0.7483462624999999 0.08034311093749999 0.7289769203125 0.0528620515625 0.6856302171875 0.058569996874999995 0.6678718640625 0.040237465625 0.651865084375 0.0305950828125 0.65192131875 0.0170837421875 0.635886425 0.0041617468749999996 0.6343504156249999 0 0.6368896109375 0 0.7351739546875
1 0.5185231609375001 0.594289146875 0.4892331203125 0.6250759859375 0.48962601718750004 0.6347419109375 0.5192734765625 0.6522940703125 0.5345228468750001 0.67154156875 0.5617774515625 0.6697712484375 0.6548862015625 0.7062897328125 0.7149369109375 0.720441840625 0.7486852515625 0.7202450171875 0.7580002218749999 0.712133846875 0.7602321062499999 0.6879502875 0.749738446875 0.667063684375 0.6471837625 0.6354343984375 0.598775396875 0.630882609375 0.5499441265625 0.576380834375 0.5255107546875 0.568466484375 0.5185231609375001 0.594289146875
10 0.4029831296875 0.90756865 0.49788025312500006 0.9070152078125 0.47727696093749994 0.8845761953125001 0.43690391562500003 0.8799775437499999 0.4146669515625 0.8865527078125 0.4029831296875 0.90756865
10 0.27626300625 0.8825257750000001 0.35602685625 0.867558265625 0.36737726406250004 0.8304305718749999 0.36678791875 0.815931684375 0.3602286953125 0.8127471984374999 0.364395059375 0.79660920625 0.3367475578125 0.7887136 0.30621334375 0.7888916765625 0.2695128046875 0.7955511921875 0.22897331875 0.8264036406249999 0.2303484578125 0.8602343781249999 0.2454668609375 0.8762599015625 0.27626300625 0.8825257750000001
10 0.24862644375 0.7167159015625 0.2640722609375 0.7407963609375 0.28060127968750004 0.7519795499999999 0.3190398484375 0.7485326375 0.35515104062499997 0.7273742328125 0.35699002968750004 0.6935247484375 0.333181478125 0.6614362125000001 0.2854634171875 0.634321225 0.271065325 0.6360165656250001 0.26181583750000004 0.645738725 0.26240518281249997 0.6602376125 0.24784064843750003 0.6973840499999999 0.24862644375 0.7167159015625
10 0.1991158078125 0.5268630562500001 0.1967529546875 0.5478246375 0.224757878125 0.6040592421875 0.23787632187500002 0.6104282140625 0.2919926296875 0.59722165 0.293438721875 0.553706240625 0.237161478125 0.513750215625 0.2162041640625 0.51226106875 0.1991158078125 0.5268630562500001
10 0.40381040312499994 0.8962842390624999 0.430737590625 0.8864589828125 0.47412831562499996 0.8862059265625 0.4790859421875 0.81044265 0.4598366515625 0.7718820453124999 0.43553424375 0.7671896703125001 0.4120176328125 0.7818291453125 0.412803425 0.8011609953125 0.4048990703125 0.8044298328125 0.3792815375 0.8464748390624999 0.382329225 0.88190719375 0.40381040312499994 0.8962842390624999
10 0.41716623750000004 0.7898559640625 0.4325820484375 0.7736523656250001 0.43274848906249996 0.7382012671875 0.4022497515625 0.6997062703125 0.3947082875 0.672356971875 0.37676865312499996 0.66601611875 0.3641085890625 0.670924059375 0.35659713437499996 0.6838588234375 0.356299725 0.716087946875 0.3893577625 0.7384543234375001 0.39092935156249997 0.7771180234374999 0.41716623750000004 0.7898559640625
10 0.352073346875 0.6516578171875 0.30261725781250004 0.6213302281249999 0.288808509375 0.6375244546875 0.3071410421875 0.6535312328125 0.3382646015625 0.6678520453125001 0.3534484890625 0.6854885546875 0.372274875 0.6740991734375 0.3979224140625 0.6723382265625 0.390970296875 0.6594878171875 0.352073346875 0.6516578171875
6 0.3368458546875 0.3165817828125 0.340417403125 0.36490203593750004 0.3803620765625 0.3985078359375 0.40974760625 0.40961604375 0.46451874687499994 0.41251935624999997 0.5026953828125 0.40262849218749996 0.5167660609375 0.3928782140625 0.5195872921875 0.3831935453125 0.5220511015625 0.325169875 0.49440907031250003 0.238317134375 0.49342682812499994 0.21415232343750001 0.3993003609375 0.19214209843750002 0.3698138703125 0.2180959765625 0.3565289875 0.24717810468749998 0.3368458546875 0.3165817828125
6 0.6406518859375 0.2374642421875 0.6400625390625 0.22296535468749998 0.649312028125 0.21324319374999998 0.6456395203125 0.2019850265625 0.5686549203125 0.1557042890625 0.409568346875 0.1566320875 0.3954968859375 0.17766195625 0.3958897828125 0.18732788125 0.48699857187499995 0.2141898125 0.48952239531249997 0.2367342640625 0.5199856578125 0.313902334375 0.52634843125 0.3122538578125 0.5350740546874999 0.2896437984375 0.5510137296875001 0.286328096875 0.6079812765625 0.30372092500000003 0.617951075 0.311719628125 0.6218200296874999 0.32781075937500004 0.6442534421875 0.32606855625 0.669442603125 0.31303069687499996 0.6406518859375 0.2374642421875
6 0.791306590625 0.463788709375 0.82957871875 0.49579289375 0.833578640625 0.5151059984375 0.8651605796874999 0.5407037234375001 0.8690295359375 0.556794853125 0.8854275906250001 0.5647560671875 0.89982568125 0.5630607265625 0.9137954 0.5903725359374999 0.9623702078124999 0.559473228125 0.9739170625 0.5271784953124999 0.9846164546875 0.5135805953125 0.9810541890625 0.42594287187499996 0.9791720968750001 0.419186096875 0.9706783984375 0.40795604531249996 0.9477211234375 0.396810346875 0.9106931703125 0.3954149265625 0.8597609796875 0.36831868437500004 0.80974555 0.3637762671875 0.7986270671875 0.3670638515625 0.7896395125 0.3832299609375 0.76740255 0.3898051234375 0.7686467234375 0.4204138890625 0.783830609375 0.4380504 0.791306590625 0.463788709375
6 0.912734075 0.2874412703125 0.8987588875 0.339086596875 0.9040684640625001 0.390619453125 0.917252390625 0.39859941249999997 0.9609705296875 0.40640129375 0.9810410921875 0.4256206734375 0.9768019390625 0.32133042968750003 0.9534345343749999 0.3000948609375 0.9271976499999999 0.28735691874999997 0.912734075 0.2874412703125
6 0.5673353609375 0.4505925921875 0.5877333359375 0.47786691093749994 0.6092145125 0.4922439578125 0.6345346375 0.482428071875 0.654509709375 0.4597524046875 0.7133162468750001 0.44329574843749997 0.7602839890624999 0.4124058125 0.7199164125 0.3288500265625 0.70338739375 0.31766683906250004 0.6711806328125001 0.3162433 0.6171298046875 0.3310608515625 0.6017794765625 0.3488754390625 0.5693053156250001 0.41996508437499996 0.5673353609375 0.4505925921875
6 0.7750859171875 0.2624621296875 0.77049665 0.2286501375 0.7470155109375 0.20461653750000003 0.7283855734375 0.22083888125 0.7289094359375 0.23372678125 0.7178564374999999 0.2386253515625 0.7166422703124999 0.2483006515625 0.7371712125000001 0.27879694375 0.718737721875 0.2998522515625 0.71476780625 0.32082320625 0.72378536875 0.3449411578125 0.7629087734375 0.3978881796875 0.7636945671875 0.41722002968750005 0.7751404625 0.4219873859375 0.8204356578124999 0.3894958328125 0.8185011796874999 0.38145026875 0.828964834375 0.36205281093749997 0.8316250921874999 0.3088621046875 0.8226730140624999 0.286355140625 0.7750859171875 0.2624621296875
6 0.8058083046875 0.860101015625 0.8665493203124999 0.8516899265625 0.895803884375 0.859576159375 0.9452954515625 0.851230675 0.9774416921875 0.83936164375 0.98443855625 0.5988950562500001 0.9130396140625001 0.611324746875 0.8528224625 0.6326237359375 0.7918195156250001 0.634590878125 0.780600075 0.674940546875 0.7554763984374999 0.6895893921875 0.7436321375 0.754113246875 0.72194904375 0.8138603734375 0.7227348359375 0.8331922234375 0.7669768390625 0.8538820046875 0.8058083046875 0.860101015625
6 0.673889965625 0.501534984375 0.6596883234375001 0.5080632859375 0.5972692921875 0.593829896875 0.5900197671875 0.6132086109375 0.59575771875 0.6357343171875 0.68453913125 0.6448847578125 0.6923780015625 0.6400049328125 0.688770975 0.6303577515625001 0.720650325 0.623726353125 0.7361970999999999 0.610744728125 0.7540412453124999 0.5751905328125 0.7633262078125 0.5267953000000001 0.757719221875 0.5074915671875 0.7379760734375 0.496327121875 0.7125904671875001 0.5045320203125 0.673889965625 0.501534984375
6 0.22304438593749998 0.720087834375 0.2322283890625 0.7087546875 0.238430190625 0.663600175 0.23803729375 0.6539342484375 0.2266568796875 0.65077788125 0.2044199171875 0.6573530453124999 0.15938665000000002 0.6962885484375 0.0798192484375 0.716089021875 0.07463516718749999 0.7467352734375 0.0807305390625 0.8175999796875001 0.094241878125 0.8336348765625001 0.115592090625 0.844789946875 0.138090984375 0.8446587328125 0.160982778125 0.8541934437500001 0.217849365625 0.9086483578125 0.2973990296875 0.9081844218749999 0.30423792031249997 0.89847631875 0.3082467125 0.90812115625 0.3627146984375 0.9078034984375 0.35894357656250003 0.8997686437500001 0.3379207796875 0.8966685109375 0.3193263171875 0.8742177812499999 0.303779540625 0.88719940625 0.2971548375 0.8824039328125 0.26668610625 0.8841929984375 0.245401378125 0.8746489140625 0.23195552031250002 0.8602250046875 0.230252965625 0.8183393296875 0.2150035984375 0.7990918328125 0.21254525625 0.7781583671875001 0.21871158125 0.7716769265625001 0.21612227499999997 0.7475214859375 0.22304438593749998 0.720087834375