10 0.38977609687500003 0.59883723125 0.33467485468749997 0.5944398343749999 0.300401871875 0.6091727671875 0.25840814375 0.6158953656249999 0.26571181250000003 0.7038684390625 0.25445018125 0.705996840625 0.21484366562499999 0.6943004578124999 0.1920896671875 0.6969012109375 0.1827183140625 0.79555285 0.192719790625 0.8317835062500001 0.21660084531249998 0.8491228281250001 0.2754470890625 0.8566973656249999 0.28267974218749997 0.873055428125 0.312923746875 0.8768089578125 0.3274689125 0.8745455984375001 0.332190096875 0.861027284375 0.3995025296875 0.8582606531250001 0.419026234375 0.8324752015625 0.4222653703125 0.7490654046875 0.40631801875000007 0.6464578000000001 0.41489068749999997 0.58947731875 0.38977609687500003 0.59883723125
10 0.5497107328124999 0.395730771875 0.5372954265625001 0.3895789265625 0.510539071875 0.399006315625 0.4748018140625 0.43878243125000005 0.44251674375 0.6099937843750001 0.446235128125 0.6248307546875 0.4911485546875 0.67461628125 0.53749963125 0.7110184546875 0.5647174578125 0.704903165625 0.5698113218749999 0.5281472734375 0.5851285515625 0.49587258125 0.5693054531249999 0.4415603328125 0.571515171875 0.398165646875 0.5633063359375 0.39850304062499997 0.56089250625 0.42858185156250006 0.5497107328124999 0.395730771875
10 0.572917359375 0.5030366109375 0.5658089625 0.534973909375 0.5658533593749999 0.618248746875 0.5744171828125 0.6678627609375 0.58306086875 0.6824972921875 0.60109368125 0.693414853125 0.6964936421875 0.7144767828125 0.7173751375 0.7102874578125 0.7282285390625 0.681527303125 0.7277492921875 0.5832805359375001 0.7189014921875 0.555330128125 0.6964580890625001 0.5246074515625 0.60788255 0.49327182656249996 0.5860781109375 0.490836953125 0.572917359375 0.5030366109375
10 0.7261253015625 0.67828268125 0.7171710234375 0.6969715796875 0.64657505625 0.699873171875 0.6008629437499999 0.6917588015625 0.5676460015625 0.6548167984375 0.5621793703125 0.6866866171875 0.5651789296875 0.7082152625 0.5745414390625 0.71615811875 0.7472286890625 0.7823439 0.7798332859375 0.7793382734375001 0.79463580625 0.7670711375 0.800768021875 0.7518292953125 0.8105209875 0.6914692359375 0.8065718687500001 0.6749762171875 0.788796409375 0.6540548828125 0.7278735468749999 0.6315758953125 0.7261253015625 0.67828268125
10 0.70266123125 0.2728569703125 0.68840004375 0.2534567234375 0.6663648703125 0.2493657984375 0.6535147125 0.228242028125 0.661750165625 0.21624480625000003 0.6812206296875 0.2137790078125 0.689917553125 0.2050938875 0.6725769453125 0.199144478125 0.63691955 0.2039411109375 0.46722301406250005 0.26587846718749997 0.44541857656249995 0.2634435953125 0.4443891578125 0.3034587046875 0.452748865625 0.339756840625 0.4363312 0.340431628125 0.415423084375 0.3562807796875 0.43222236093750005 0.3938975734375 0.43591412500000004 0.42039436874999997 0.425291459375 0.45081057343750003 0.4816262359375 0.42850873749999996 0.521569965625 0.3952218640625 0.566589871875 0.39836808281249997 0.6928550296875 0.35653667968749997 0.7130709390625001 0.3357193796875 0.71686918125 0.31557686875 0.6948872484375 0.28816628906249997 0.70266123125 0.2728569703125
0 0.2750386796875 0.213818309375 0.24151114062499998 0.21019973906249997 0.23422524843749998 0.2171613328125 0.2402924046875 0.26465725 0.241262690625 0.3190247890625 0.23960022812499998 0.362396984375 0.23581973125000003 0.3747662796875 0.23264565625000003 0.3954383140625 0.25352715 0.39124899062499996 0.26645716875000003 0.37739328125 0.3084065 0.28739584375 0.3032770828125 0.2742824046875 0.2904003046875 0.2648184578125 0.280602946875 0.2419036765625 0.28042544999999997 0.21692797343749998 0.2750386796875 0.213818309375
6 0.6918967125 0.776290453125 0.6635784499999999 0.750805840625 0.584853509375 0.7190653453125 0.55437876875 0.7136557640625 0.5529144968749999 0.7386989484375001 0.585723209375 0.749009196875 0.599061459375 0.7617852453125 0.600445871875 0.771721540625 0.5905686515624999 0.7837862421875 0.5537309578125 0.7919624546875 0.5536777203125001 0.8152821093749999 0.604492625 0.8481697453124999 0.653745625 0.846145378125 0.6687256421875001 0.8588539484375 0.6874772796874999 0.8630798265624999 0.7132840765624999 0.8586880671875001 0.729524246875 0.8330375734375 0.750893834375 0.8205005234374999 0.7499708921875 0.8138763234375 0.737555584375 0.807724478125 0.7321421953125 0.8162746406249999 0.713852025 0.8153608578125 0.6918967125 0.776290453125
8 0.2256615140625 0.47567096875 0.21042414531250003 0.47296618125 0.209936053125 0.48131390625000003 0.228918428125 0.4871958390625 0.26706067031249997 0.52393540625 0.248948 0.547997328125 0.25676637812499997 0.6159628453125 0.26543668125000003 0.61893755 0.388365065625 0.600560759375 0.40670847343750005 0.5781548875 0.40258185781250005 0.536686165625 0.369107559375 0.5097479390624999 0.2596505234375 0.482601640625 0.2406681484375 0.476719709375 0.234589171875 0.4686418984375 0.2256615140625 0.47567096875
8 0.3434959453125 0.32592641875 0.297499859375 0.339475653125 0.2843124875 0.36333513906250003 0.276946734375 0.40527621406250003 0.28415276875 0.4332941015625 0.303081903125 0.46249568593749996 0.318292653125 0.4768603015625 0.3459453296875 0.48571693906249996 0.3867587609375 0.4823739171875 0.417286740625 0.46446384375000005 0.43704117968749995 0.44033444375 0.44155825000000004 0.41350025312499994 0.43599398437500003 0.3854148859375 0.4205791203125 0.35773439375 0.38099922343750003 0.3343781828125 0.3434959453125 0.32592641875
10 0.153737353125 0.51249299375 0.128835753125 0.531282171875 0.1638128234375 0.68751505 0.1816149015625 0.6967765609375001 0.22270935937499997 0.70730143125 0.24442801093750002 0.7130708984374999 0.26476225000000003 0.7089040671875 0.2719801046875 0.6975038484375 0.26863148125 0.6576686828125 0.2472796109375 0.5597246328125001 0.2302348 0.4926935109375 0.1968019203125 0.4818537375 0.1676760984375 0.50192689375 0.153737353125 0.51249299375
10 0.1732905671875 0.23410045156249998 0.1598310390625 0.24020543437500003 0.1502880859375 0.24281837187500002 0.1192099015625 0.29628243906249996 0.11950575781249999 0.44061649531249997 0.1341958734375 0.4433437765625 0.1669957109375 0.4575406375 0.21074066249999998 0.47128763593749995 0.22575617343749999 0.46844976875000005 0.2218928375 0.4486221578125 0.226016475 0.42291449375 0.23031168124999998 0.39053764375 0.2425583671875 0.3678271796875 0.241712309375 0.2590471109375 0.2388429015625 0.214750828125 0.22256131093749998 0.22430286718749998 0.1732905671875 0.23410045156249998