9 0.29402335156250003 0.4730145171875 0.26066086875 0.47672159843750006 0.256734740625 0.47933654687500005 0.2527068140625 0.5059926921875 0.23907107968750002 0.5859028656249999 0.25115278750000003 0.5815537421875 0.2679007828125 0.577819278125 0.2943563453125 0.57240891875 0.31396158125 0.567714471875 0.329578946875 0.562995846875 0.34252396093750004 0.5576746421875 0.36164093125 0.55104704375 0.3779315171875 0.546699 0.3907173328125 0.5440399953124999 0.3988883734375 0.5429656015625001 0.409548709375 0.5407315390625 0.41314396562500005 0.5168898453125 0.412114759375 0.49166772031250006 0.4099864875 0.47573157187500004 0.4100163375 0.458259715625 0.40908940156250007 0.455967809375 0.37012444218749996 0.461457609375 0.3398874125 0.46792550468750005 0.29402335156250003 0.4730145171875
9 0.48556684843750003 0.390660425 0.46755514218750005 0.3955886203125 0.44903003124999996 0.3986961046875 0.4333230078125 0.40150907968749994 0.44324145625 0.41289018125 0.446529659375 0.42262123906250004 0.45413802499999995 0.43588383124999996 0.4703483828125 0.45457342812499996 0.4788468625 0.46563434218750005 0.48638410312499997 0.47585852187500005 0.4924302171875 0.48272411093749995 0.497799153125 0.4908319578125 0.5557772359375 0.4735266453125 0.5864918375 0.4581334078125 0.6092929265625 0.4466129890625 0.6134924359375 0.44393872031250003 0.6068018656249999 0.4307069484375 0.5991775031250001 0.42681784375 0.58041671875 0.409800553125 0.5565108734375 0.3841834484375 0.5372530375 0.3660466296875 0.524003853125 0.3732886484375 0.5021038 0.383074815625 0.48556684843750003 0.390660425
9 0.530517253125 0.2909232796875 0.54475458125 0.298895 0.565108321875 0.303348509375 0.5889041109375001 0.31361160312499997 0.645133725 0.332412490625 0.6937226890625 0.36023764375 0.7153228203124999 0.36497219062499997 0.7856536046875 0.264163340625 0.764845715625 0.2561520625 0.7182034390625 0.24087340781250002 0.658551046875 0.217083475 0.6105760078125 0.19783121406249998 0.6045363640625 0.20463171406249997 0.5936554140625 0.2164623453125 0.5784125921875 0.23615201406250003 0.530517253125 0.2909232796875
9 0.6495093890625 0.6269786671875 0.66348875 0.6237243109375 0.6589741296875 0.6310110671875 0.6686147609375 0.6425574421875 0.7545307421875 0.617796590625 0.7727405890625 0.61051329375 0.78722185 0.6133040765625 0.7860206 0.6083763015625 0.7736706250000001 0.5871106968750001 0.683775875 0.5050323 0.6185277046875 0.519742225 0.5769156343749999 0.5280364890625 0.5736883640625 0.5287324531250001 0.6113649828125001 0.5832602359375 0.6436482125 0.6229283171875 0.6495093890625 0.6269786671875
9 0.5415038812499999 0.6270682625 0.571540253125 0.6055322109375 0.6041772328125 0.5749258187499999 0.5914047874999999 0.5614629796874999 0.5787630921875 0.5535856124999999 0.5644432046875 0.5426841437500001 0.5516334046875 0.5276254890625001 0.540016853125 0.5120422046875001 0.5214267953125 0.4903888046875 0.4541006328125 0.5282391921875 0.45604936562500004 0.5300159437499999 0.49336885468749997 0.5621099953125 0.5057591140625 0.57641260625 0.4927639609375 0.587769084375 0.4476439859375 0.617280490625 0.47785062500000003 0.654517159375 0.5415038812499999 0.6270682625
9 0.3956346140625 0.64431233125 0.4306028265625 0.6274600421875001 0.5049573890625 0.576496390625 0.4207902234375 0.5001061765625 0.41384890937499996 0.50446720625 0.40968873749999996 0.5408599984375 0.3772838375 0.5470460796875 0.30986396875 0.568089690625 0.324548075 0.5945505921875001 0.34941264375 0.6267464687500001 0.37907833750000003 0.65804065 0.3956346140625 0.64431233125
9 0.2613171359375 0.6721017140625001 0.2824155796875 0.6689602375 0.257935034375 0.708510221875 0.255087834375 0.747672365625 0.24831103125 0.779753184375 0.30023109375 0.7265658921875 0.33185014062499996 0.690484121875 0.3694503015625 0.6486265437500001 0.3380138359375 0.6121108093750001 0.3065563359375 0.59479543125 0.2874227625 0.6014775078125 0.2616317578125 0.6252440453125 0.2675153015625 0.635398834375 0.268727390625 0.6469783578125 0.26391451875 0.662465309375 0.2613171359375 0.6721017140625001
9 0 0.782685140625 0.0209645828125 0.7998379796874999 0.028296703125 0.8062202515625 0.0545777078125 0.7424728890625001 0.05925435 0.73769505625 0.089559553125 0.7435827203125001 0.15845820625 0.7961774187499999 0.1805753234375 0.79386601875 0.21646082500000002 0.7654318921875001 0.2396734453125 0.7331370203125 0.0930669 0.668394903125 0.051687645312499995 0.700836878125 0.0119083703125 0.7402602093749999 0 0.753887359375 0 0.782685140625
9 0.10176177187499999 0.63682420625 0.1231898328125 0.6707661390624999 0.2356475328125 0.5888251906249999 0.2431171890625 0.5472442796875 0.1962956453125 0.4988434125 0.1451467375 0.5384143906250001 0.1016221890625 0.5678987671875 0.06739760781250001 0.5959223406249999 0.081599278125 0.614973459375 0.10176177187499999 0.63682420625
9 0.22978741875000003 0.5108383546875 0.23675696406250002 0.5251500109375 0.247172084375 0.52919718125 0.256242359375 0.4757926125 0.3444782375 0.46620447499999995 0.3443668203125 0.464371940625 0.27604335468749996 0.4084275 0.2623968375 0.423793196875 0.1774298859375 0.4943002953125 0.1868361640625 0.5024880203125 0.193770765625 0.499562328125 0.2008082125 0.501027840625 0.21755894531250003 0.49230750468749995 0.22978741875000003 0.5108383546875
9 0.0249484796875 0.5045189156250001 0.022744596875000002 0.5280533296875001 0.019478175 0.550327940625 0.0409510109375 0.5408870296875 0.0509926921875 0.543264671875 0.0593329 0.5465055484375 0.08250784531250001 0.550937740625 0.09501012812500001 0.5554571734375 0.10442598750000001 0.5543673625000001 0.11409429374999999 0.548417578125 0.12554548593749998 0.5413681953125 0.1267985546875 0.540711453125 0.12804062031250002 0.53958501875 0.1319272 0.535836615625 0.1332895953125 0.5347737828125 0.14170269687499998 0.5287170296875 0.14842292343750002 0.5229890875 0.15580454999999999 0.5154236453125 0.1462328203125 0.509645271875 0.144488565625 0.49202611249999995 0.1434654546875 0.4777393484375 0.1497279625 0.465775528125 0.1571004421875 0.4423863859375 0.07999561875 0.45832665625 0.040572448437500006 0.465873734375 0.0249484796875 0.5045189156250001
9 0 0.4984024015625 0.0287022046875 0.49394505312500003 0.0413072 0.4650147890625 0.1499480921875 0.440735834375 0.1471820796875 0.43852038125000004 0.0454953828125 0.4043573453125 0.021790300000000002 0.4256350015625 0.0169014453125 0.43113975625 0.02009964375 0.441674453125 0 0.473357990625 0 0.4984024015625
9 0.23098124375 0.44754251875 0.23901291875 0.4375967421875 0.23360594843750002 0.362332634375 0.1776698046875 0.3514747609375 0.14268789843750002 0.39537503749999997 0.119846109375 0.4283126796875 0.15051638125 0.4397951578125 0.1674709234375 0.4453671578125 0.2151501125 0.452134534375 0.2215111671875 0.44647594531249996 0.23098124375 0.44754251875
9 0.36548190625 0.3027737421875 0.3794948640625 0.2814501265625 0.3668729515625 0.2134541453125 0.35876152656250004 0.21430184843750003 0.31421523281249997 0.256678234375 0.32017094375 0.2786230234375 0.32369334375 0.31285795312500003 0.32723629062500004 0.33505489375 0.323596584375 0.34747110000000003 0.32135242656249996 0.35492714062499997 0.34665095625000003 0.33784027499999997 0.34886700937500004 0.32918357343750004 0.36536299687499996 0.31060943750000003 0.36548190625 0.3027737421875
9 0 0.4753526234375 0.0195674921875 0.44072109531250003 0.0161711390625 0.4308385453125 0.036133778125 0.40934370937500003 0 0.3695587046875 0 0.4753526234375
9 0.5386980453125 0.340633796875 0.534830509375 0.331350390625 0.53198824375 0.31388688125 0.531752603125 0.303820271875 0.5315452390625001 0.294961640625 0.5314132796875 0.2893243484375 0.536785325 0.276249790625 0.5385632109375 0.26556911250000004 0.5382238874999999 0.25107318749999996 0.534223684375 0.24209932968749998 0.498921359375 0.235401775 0.445975859375 0.22599993437500002 0.40248676093749997 0.22206822656249997 0.39876204843749996 0.2535384765625 0.3972487703125 0.29285061562500003 0.39504816875 0.3201251203125 0.4520961265625 0.3315201015625 0.5386980453125 0.340633796875
9 0.14511698906249998 0.33260609375 0.1549794796875 0.34798594375 0.1625328 0.3501803015625 0.16612967812499999 0.35428000625 0.1875711875 0.351541925 0.21441941718750002 0.3447577765625 0.2146284375 0.35368714218749997 0.20368725781250002 0.35632244062499996 0.21774963125000002 0.3588311359375 0.22422384375 0.357657246875 0.22326086093750003 0.35924975312499996 0.22577863593749997 0.35998120624999996 0.23426010156250002 0.3590948328125 0.24411056250000002 0.35259520312500003 0.25607278437500003 0.350847775 0.2642523328125 0.33706343125 0.263474728125 0.3252097515625 0.2354304359375 0.2808980890625 0.2353491515625 0.277425559375 0.2401292296875 0.26797479687500003 0.239537421875 0.2640583296875 0.236509125 0.262882940625 0.22860785625000002 0.26718970625 0.2219942921875 0.26241068749999996 0.2185019234375 0.262775665625 0.20667904843749998 0.2704760046875 0.13979071875 0.297357890625 0.138572684375 0.3094201296875 0.1318666421875 0.3220559046875 0.1250212515625 0.3287387703125 0.1340132390625 0.328296334375 0.14511698906249998 0.33260609375