8 0.5896348078125 0.7438330734374999 0.5990915078125 0.7553702734375001 0.6174891031249999 0.7721617765625 0.646267671875 0.7728788828125001 0.6843573000000001 0.7734511171875 0.6997940921875 0.7557018281250001 0.7193082578125 0.7075918437500001 0.74682530625 0.6426401484375 0.791429065625 0.5457394953125 0.81390165625 0.48793616875 0.8331995093750001 0.450339759375 0.80391695 0.4257622578125 0.7576864171875 0.4197722875 0.7225030578125 0.41877947656250003 0.6951213203125 0.47394699375 0.6351994859375 0.6251022859375001 0.5896348078125 0.7438330734374999
8 0.5376519140625 0.6327151828125 0.518460315625 0.6275924890625 0.4710878421875 0.7136325765625 0.45345115625 0.7503147593749999 0.47802847656249997 0.7753106734374999 0.5519694515625 0.727088425 0.5909029265625 0.6411454078125 0.6534467859374999 0.51125839375 0.6930629374999999 0.4336309734375 0.6767729124999999 0.4066900765625 0.666513284375 0.4303398140625 0.65289711875 0.42453643750000003 0.6187236921875 0.48843435468749996 0.5604089109375 0.5898085875 0.5376519140625 0.6327151828125
8 0.24185169218749997 0.34500251875 0.2197586765625 0.3159704421875 0.1626958546875 0.318270959375 0.061882964062500004 0.32497955 0.043848165625000005 0.3225152765625 0.0467115828125 0.3688264765625 0.053823075 0.3754239875 0.0383104296875 0.39224932031250004 0.04627515625 0.44353701718750005 0.062091215624999994 0.4304075015625 0.06131353125 0.47809644687499997 0.07540381562500001 0.4782426484375 0.0930403484375 0.487288053125 0.09508838124999999 0.5122348421875 0.0864216671875 0.5552876359375001 0.1588642765625 0.56884055625 0.26265443906249997 0.5869653031250001 0.28491831562500003 0.5609167937499999 0.27122645 0.5084618734374999 0.29043705000000003 0.5023836578124999 0.28349641718749996 0.4407055625 0.2590708015625 0.41755755624999996 0.24185169218749997 0.34500251875
8 0.32626039375000004 0.4242860734375 0.2851084859375 0.4031801203125 0.280083028125 0.39912758125000003 0.27750386875 0.41344069843750003 0.3040345203125 0.42793276562499993 0.3119043921875 0.4894974140625 0.2955573625 0.4961592421875 0.30388235625000004 0.5632676203125 0.29371758125 0.5766404046875 0.2754552234375 0.5714042671875 0.264664621875 0.58858631875 0.334622928125 0.6061753999999999 0.35224045937500004 0.626421715625 0.37260785625000004 0.6230019171875 0.3771403453125 0.598184953125 0.366444753125 0.5593624640625 0.3862053265625 0.5485510265625 0.37869571875 0.502807059375 0.3533218640625 0.4909734140625 0.3387954625 0.4740825734375 0.32626039375000004 0.4242860734375
9 0.48707537500000003 0.462512121875 0.49790382343750006 0.46865583906249997 0.562798821875 0.4588666109375 0.5685449625000001 0.44883292656249996 0.583564484375 0.44886567812499995 0.6434533328125001 0.332367825 0.559992565625 0.33322509375 0.48572932656249995 0.34322484062499997 0.4757352609375 0.3472446296875 0.471430178125 0.4205610484375 0.4908114828125 0.405129834375 0.494490434375 0.4270778609375 0.48153794687499996 0.44079098749999995 0.48707537500000003 0.462512121875
6 0.7108514828125 0.3530691125 0.6897634046875 0.3705751328125 0.6751799984375 0.38728701875 0.6790865078125 0.41200691093749997 0.7055791578124999 0.44890079531250004 0.7207315375000001 0.41625477499999997 0.7963601312499999 0.42288621875 0.8359569734375001 0.4479148859375 0.8162342515625 0.48205209687500006 0.7829520624999999 0.5682383828125 0.8243502265625 0.67237046875 0.78875459375 0.7075123296875 0.7574827390625 0.74959204375 0.8175605296875 0.841178228125 0.9529865671875 0.824644546875 0.972914703125 0.48249165781250003 0.9630729890625 0.362611209375 0.9271363703125 0.3695915875 0.9131409390625 0.3591684375 0.8820209437500001 0.3573684703125 0.837038225 0.35819416875 0.8014237453125 0.3588093515625 0.787162753125 0.368016153125 0.7598545671875 0.35548544375 0.7344617140625 0.3548527015625 0.7108514828125 0.3530691125
8 0.32527323125 0.732367778125 0.3454323765625 0.623520028125 0.3428722171875 0.6266322359375 0.3434980453125 0.6228229671875 0.3396483859375 0.610227940625 0.3230928 0.6029169953125 0.28478545781250003 0.5935955625 0.192146159375 0.5741094484375 0.0879767328125 0.5513649203125001 0.08587169375 0.560020859375 0.114336675 0.5752099875 0.10832482031249999 0.650601209375 0.12051862499999999 0.67337611875 0.11602398437500001 0.72151885625 0.0983684515625 0.7236743578125 0.0872932890625 0.7716872703125001 0.070244578125 0.7812344125 0.0837090390625 0.785189878125 0.28586548125 0.869695559375 0.3024590734375 0.8546046875 0.32527323125 0.732367778125
8 0.4604676421875 0.8129168109375 0.47194091875 0.8040503515624999 0.4721496296875 0.7722955375 0.4523702125 0.7485802953125 0.46721917968750004 0.7122384578125 0.43380459374999997 0.6939207484375001 0.40814632812499996 0.6671903703125001 0.35838471250000004 0.655534490625 0.35921909687500003 0.665697996875 0.3490353203125 0.6902716875 0.36870103906249996 0.6897372015625 0.398152109375 0.716937746875 0.4129627703125 0.7944529015625 0.4604676421875 0.8129168109375
6 0 0.21404205625 0.0002122609375 0.21399030937500002 0.0169384015625 0.2576758453125 0.0286202359375 0.2627821625 0.034916195312499995 0.2937428453125 0.0467497375 0.300697071875 0.1039262625 0.32264628125 0.1784929109375 0.316342353125 0.1947072359375 0.2966317046875 0.23697809374999998 0.297070303125 0.25761105156249997 0.274020553125 0.28084201875 0.27118436875 0.2976251640625 0.2812671765625 0.317821853125 0.2872003765625 0.349112553125 0.2796473453125 0.36985921718750003 0.28084732031250004 0.3743347015625 0.2896330828125 0.36517502031250004 0.30381637499999997 0.3783170640625 0.3152769296875 0.40257212343750004 0.30205034531249997 0.44474828125 0.26703830625 0.4881190828125 0.2580104546875 0.5121465828125 0.2420120046875 0.5268248437499999 0.2150231609375 0.5064208578125 0.1951325265625 0.450249425 0.173993825 0.40853512500000005 0.14034617656249998 0 0.19022276875 0 0.21404205625
8 0 0.43827178125 0.015514373437500001 0.423247784375 0.019432778125 0.38127719375 0 0.32333424375 0 0.43827178125
8 0 0.49212906875 0.0352791296875 0.4696491375 0.04088400625 0.3884211625 0.045248678125000004 0.3817865 0.0393219765625 0.294644221875 0.0217146046875 0.28947168749999996 0 0.30714477812499996 0 0.3236901375 0.0188376234375 0.37402769999999996 0.017349534375 0.4157015828125 0 0.4326587796875 0 0.49212906875
8 0 0.7042462515625 0.031314820312500005 0.7203069656250001 0.05866830625 0.709645325 0.0728492390625 0.643234753125 0.0953172421875 0.64781386875 0.101517275 0.5738353875 0.0853359125 0.5618614359375 0.096537196875 0.5280699890625 0.09326384374999999 0.4881977734375 0.0690847203125 0.4777257671875 0.036697065625000004 0.4719169890625 0 0.49009203125 0 0.7042462515625
8 0.5460615437499999 0.737230240625 0.48102680624999994 0.775457190625 0.468482990625 0.7640084375 0.4699482171875 0.817192525 0.4670760234375 0.8175431812499999 0.5020991015625 0.8377854609375 0.5428665625 0.8573264296875 0.5633529562499999 0.8418451359375 0.569302665625 0.790640271875 0.58389831875 0.7210729453125 0.5872981515625 0.6918130203125 0.5721165984375001 0.6835707859375 0.5460615437499999 0.737230240625
8 0.3530385359375 0.7535845171875 0.334105465625 0.7703184109375 0.36051196406249997 0.7916126593749999 0.4006932890625 0.8040139749999999 0.4133836984375 0.7995801640625 0.39594569375 0.7108478328125 0.3608053890625 0.6891776203125 0.3476167046875 0.7052102046875001 0.3461218765625 0.740006521875 0.3530385359375 0.7535845171875