7 0.47639499531249996 0.575434140625 0.49176908125 0.5879154671875 0.5125340890625 0.5858626390625 0.6024812484375001 0.5303895125 0.69839783125 0.485096409375 0.722427859375 0.4614497328125 0.7418489921875 0.42775778124999997 0.769008353125 0.415379659375 0.7628687109375 0.3914845078125 0.74708634375 0.368004125 0.73460353125 0.36950743125 0.71684883125 0.38418685625000004 0.68419616875 0.3809528015625 0.6508293203125 0.3858669703125 0.447925059375 0.49316440000000006 0.44501713125000003 0.5106841359375001 0.4795921734375 0.57027149375 0.47639499531249996 0.575434140625
9 0.8550645046875 0.6704718625 0.898193109375 0.66378488125 0.903532840625 0.6341775578125 0.8814751453125 0.6196644296875 0.873498853125 0.6010666765625 0.8236009140625 0.54407115625 0.711510334375 0.5233804531249999 0.701867609375 0.523795225 0.6943507875 0.5312696906250001 0.684402159375 0.5508317390624999 0.647262096875 0.7553669249999999 0.6649150390624999 0.76533430625 0.7645427687499999 0.7752018484375001 0.77006668125 0.76342051875 0.769233465625 0.77292678125 0.7751177796875 0.7762492421875 0.8635120609375001 0.785004175 0.870099384375 0.7651092078125 0.8624123406249999 0.7588685453124999 0.8624801828124999 0.7424373390625 0.841493765625 0.7157018765625 0.8415104171875001 0.6841975046875 0.8550645046875 0.6704718625
10 1 0.6590419046875 0.9483624109375001 0.6550555874999999 0.8691459046875 0.6663872343749999 0.846425215625 0.675095496875 0.8416806390625 0.6979126328125 0.8443338515625 0.7146133421875 0.8842319734374999 0.7760977453125 0.883279728125 0.786962046875 1 0.798522503125 1 0.6590419046875
7 0.9327823328125 0.47269531875000004 0.9580026687500001 0.43546826406249994 0.960740375 0.40423339843750006 0.9488015296875 0.38387335 0.913019528125 0.3693707375 0.8620848499999999 0.371175090625 0.817884971875 0.3900844109375 0.7915421703125001 0.4244606359375 0.797443753125 0.4510718671875 0.8115763421875 0.4620604046875 0.866762821875 0.4743754359375 0.9145003218750001 0.4777337265625 0.9327823328125 0.47269531875000004
8 0.4175160953125 0.386045725 0.452668403125 0.3607609890625 0.4687733265625 0.3335897203125 0.47026953593750004 0.3008620671875 0.458330690625 0.2805020171875 0.43787158593750003 0.26340756875000004 0.4219023453125 0.2577164265625 0.3781785890625 0.2711935953125 0.34255015625 0.30191048125000003 0.32573105 0.3372299734375 0.3238265578125 0.35895857656249996 0.33304434843749997 0.37904912031250004 0.36350326875 0.39165468593749997 0.3947954046875 0.3947539875 0.4175160953125 0.386045725
7 0.047200325 0.6027861 0.04215118125 0.60278996875 0.04906883125 0.7017169812499999 0.11495534375000001 0.675248528125 0.1691716921875 0.62034595625 0.197572553125 0.6094606265625 0.198473609375 0.5835231578125 0.1896641 0.5744316671874999 0.1510932015625 0.576090753125 0.1257704875 0.583171475 0.08879818125 0.582249240625 0.05619670624999999 0.5940883515625 0.047200325 0.6027861
7 0.22212989218749998 0.5954549640625 0.2151749171875 0.659147978125 0.2334236296875 0.717118309375 0.2801124640625 0.727221871875 0.3039423109375 0.729582078125 0.3061267484375 0.7174699921875 0.27714738437499997 0.703641140625 0.29947644375000004 0.6524294515625 0.297775475 0.62486444375 0.27862570937500003 0.5928315796875 0.263370653125 0.5789922125 0.25462898749999996 0.5534695203125 0.2383026546875 0.5518524921875 0.211262321875 0.562872575 0.22212989218749998 0.5954549640625
7 0.3393826296875 0.733092234375 0.43728580156249997 0.74278896875 0.4420092953125 0.717230090625 0.438284803125 0.7127517203125 0.42219653125 0.7084186203125 0.3887273046875 0.6831864578125 0.3067552046875 0.6476710640625 0.299952565625 0.646997303125 0.287639975 0.6622157359374999 0.2763820125 0.6967162 0.2792732875 0.7107008328125 0.3393826296875 0.733092234375
8 1 0.4660394390625 0.9807067046875 0.4582643703125 0.9504180046874999 0.45937393281250005 0.914381290625 0.47909176562500005 0.9005724890625 0.5270378531250001 0.8799098609374999 0.5592370140625 0.87798871875 0.612469984375 0.899213196875 0.6364893765625 0.8997916968749999 0.6612035578125 0.9608452218749999 0.65355228125 1 0.569870478125 1 0.4660394390625
8 0.0346954796875 0.43231168125 0.06255529062500001 0.427599246875 0.12983295156250002 0.3959075515625 0.1607846484375 0.371576596875 0.17653247656249998 0.34847944375 0.1696441125 0.2861549796875 0.15983116718749998 0.2728546234375 0.12864017656249999 0.190315378125 0.1263440546875 0.1695405578125 0.11505155156249999 0.15746348593749998 0.11358508281249999 0.1463596234375 0.06022216406250001 0.141074340625 0.0346954796875 0.43231168125
0 0.9188686875000001 0.27132252343749996 0.951997475 0.2691244296875 0.9875580656249999 0.254838746875 0.99970653125 0.23412475000000002 0.8683252046875 0.2211122015625 0.8639202687499999 0.25629141875 0.8836139984375 0.2664609265625 0.9188686875000001 0.27132252343749996
8 0.34529033125 0.4898481671875 0.37426969374999997 0.503677015625 0.38935452812500004 0.5038012546874999 0.3995924078125 0.49659629375 0.4360028640625 0.4412999796875 0.464828659375 0.40990933281249997 0.4601685765625 0.38479089375000003 0.44391008281250005 0.3667426625 0.431665334375 0.36552989375 0.395271528125 0.3893218375 0.367584853125 0.39205894375 0.3560376375 0.41420231718749995 0.3487422234375 0.450465075 0.3401029328125 0.45508871093750003 0.3394399375 0.4783101046875 0.34529033125 0.4898481671875
6 0.36467815937500003 0.51916495625 0.2939985625 0.49572663125 0.2717539953125 0.49900274843750003 0.2578428171875 0.516802503125 0.2538636125 0.5465445796874999 0.261891096875 0.5802155 0.26211250625 0.6090037953125 0.268966334375 0.6247507203125 0.28622825937499996 0.64700781875 0.3052756484375 0.6488943500000001 0.440886828125 0.7143792640625 0.43466052031249997 0.7425289484375 0.45743456875 0.744784584375 0.4585058453125 0.7325622468749999 0.47301217968750003 0.707972303125 0.474678609375 0.6889597765625 0.48858978906250006 0.67116001875 0.49262018281250003 0.6564911109375 0.4897967484375 0.6260752734375 0.49496625937500005 0.582752821875 0.4391334359375 0.5621548109375001 0.402943153125 0.536653146875 0.36467815937500003 0.51916495625
6 0.1711748609375 0.3000048609375 0.1720938015625 0.3521492984375 0.1358702171875 0.389656371875 0.20263845156250002 0.4264055671875 0.2341686484375 0.4267887953125 0.2623826359375 0.433692703125 0.28525689375 0.4702039375 0.3251204765625 0.48511080624999997 0.3563447734375 0.5046413125 0.3524155234375 0.439870278125 0.337636590625 0.42059876249999995 0.3488945578125 0.3860983 0.3335204703125 0.37361697031249996 0.32613932968750003 0.348229028125 0.3292853203125 0.327993215625 0.3439106828125 0.302045234375 0.3781785890625 0.2711935953125 0.4081780390625 0.257726940625 0.42994648281250003 0.259882978125 0.4567321 0.2830833390625 0.46630698437499996 0.29909977187500003 0.46629033125 0.3306041421875 0.44391008281250005 0.3667426625 0.4611720109375 0.388999759375 0.465066721875 0.4071932578125 0.44363871875000005 0.43246747812499997 0.43984638593750003 0.44442031093749995 0.4487749265625 0.45215376406249996 0.469539934375 0.4501009390625 0.513994528125 0.3969711734375 0.5248787484374999 0.398049190625 0.5461877203125 0.374133009375 0.5679561625 0.37628904531249996 0.578194040625 0.369084084375 0.5960165843749999 0.3379734578125 0.5979722640625 0.331318021875 0.5892817859374999 0.3208684921875 0.60171340625 0.3042920203125 0.6046891765625 0.2703410796875 0.63036898125 0.2591862453125 0.6316783203125 0.2442478328125 0.6102836203125 0.2065133140625 0.5836682203125 0.1970280796875 0.585045709375 0.1930550296875 0.341624634375 0.1689456015625 0.3535009859375 0.1769710203125 0.35562688750000004 0.1840307125 0.323739596875 0.1877215984375 0.300304721875 0.20457809062500001 0.285917421875 0.22780999531249999 0.24977832812499998 0.2173814953125 0.2134523625 0.22474223750000002 0.1956810109375 0.27092603125000003 0.17816437031250001 0.2828893796875 0.1711748609375 0.3000048609375