1 0.39056708906250004 0.32452141874999996 0.4049707734375 0.320517375 0.41794110624999997 0.3002764015625 0.4276577125 0.2640734890625 0.4420613984375 0.2600694453125 0.4882076515625 0.26041104531250003 0.5142613625 0.2838976921875 0.5163317640625 0.30735103750000003 0.5461631921875 0.29004743906249997 0.6039371921875001 0.2758353703125 0.632516809375 0.2861433078125 0.6478075734375001 0.3130840140625 0.6751815875 0.2888389953125 0.6917241656249999 0.28816816562500003 0.7201668015625 0.3387163640625 0.722874246875 0.369386121875 0.7391205796875 0.4071514484375 0.7468798375000001 0.4114637890625 0.7737075765625 0.4019265890625 0.7887483093750001 0.405138959375 0.791524246875 0.41568858750000004 0.7673131828125 0.43397130937500006 0.764787278125 0.4471500171875 0.7834687453125 0.449812403125 0.824540909375 0.4344670578125 0.8433816375 0.43893354531249995 0.8549169624999999 0.548708859375 0.8881151656249999 0.6113357953125 0.890185565625 0.6347891375 0.8681133953125 0.6564050734375 0.8859300640625 0.670167071875 0.89013935625 0.6969536296875 0.883654190625 0.70707411875 0.7697431703125 0.7590170781250001 0.8979436890624999 0.739650565625 0.96343358125 0.6860927953125 0.9756284640624999 0.45340054218750003 0.9656202765625 0.340028525 0.92404805 0.3079172 0.8998831953125 0.26403543125 0.7775885625 0.1399131328125 0.4270659078125 0.19286456875 0.44053727187499997 0.2219082828125 0.370907771875 0.2689900515625 0.3630800234375 0.28479784218750004 0.37916709531250004 0.3207590640625 0.39056708906250004 0.32452141874999996
1 0.8439757734375 0.2158080171875 0.9046387640625 0.2761141671875 0.916448053125 0.3054089640625 0.966416584375 0.34904904375 0.9457125765625 0.11451560624999998 0.8446821375000001 0.1297776921875 0.833896084375 0.16431399687499998 0.8199701828125001 0.17373034999999998 0.8439757734375 0.2158080171875
1 0 0.634991328125 0.099091875 0.860328503125 0.5548530265625 0.7914792921875 0.4624435796875 0.7835011109375001 0.1866808890625 0.794080234375 0.10285317499999999 0.784805659375 0.0976198234375 0.7673146109375 0.07140685 0.7420238578125 0 0.5801009515625 0 0.634991328125
1 0 0.28880797812500003 0.0203730015625 0.331084128125 0.045630403125 0.345550259375 0.048747145312500004 0.40175245625 0.060465662499999996 0.40912301875 0.0702507609375 0.3527999765625 0.1710080640625 0.34489179999999997 0.1655246796875 0.3036724140625 0.2017727828125 0.2963684625 0.3277802890625 0.20786307499999998 0 0.2573789546875 0 0.28880797812500003
10 0.3282119953125 0.207797859375 0.19845056875 0.30052665312500004 0.22227461874999999 0.29875585312499997 0.29040227343749997 0.25555728437499997 0.3229411515625 0.26892344375 0.3433744953125 0.291430965625 0.3564355984375 0.29311422343750004 0.365765190625 0.273423234375 0.44235764062499994 0.22163329062499998 0.43023176718749995 0.1923863203125 0.3282119953125 0.207797859375
10 0.6372913546875 0.63277284375 0.6645283890625 0.6487680828125 0.6514895671875001 0.6891291875000001 0.6428655109375 0.695916459375 0.6744329640625 0.7734150421875 0.7488112171875 0.762179146875 0.7656487734375 0.7285568390625 0.7923172515625 0.7172155359375 0.7468319765625 0.6198814953125 0.72323733125 0.457083053125 0.7058984453125 0.44873336718749995 0.6681484984375 0.45992051875 0.6435504187500001 0.4947151640625 0.64284488125 0.50761888125 0.62575603125 0.5229975296875 0.6372913546875 0.63277284375
10 0.7556136453125 0.7611515437499999 0.8182117015625 0.73889808125 0.893939353125 0.6982077484375 0.8897300625 0.671421190625 0.8719133921875001 0.6576591921875 0.892324459375 0.6381223515625 0.891596640625 0.6089817046875 0.8801058765625 0.5832951171875 0.8682280953125 0.574120453125 0.8603780671875001 0.54788388125 0.8467038499999999 0.43477535156249997 0.8298427515625001 0.4318379765625 0.7309965890625 0.4613953921875 0.7210299484375 0.47386996875 0.72835598125 0.5568587218750001 0.73825413125 0.5645042765625 0.7450116078125 0.6201564890625 0.7695857546875 0.6895707 0.76175800625 0.7053784875 0.7556136453125 0.7611515437499999
10 0.7679502281249999 0.4411877234375 0.7727742875 0.43314633125 0.7953242453125 0.41694270468749994 0.7922297828125 0.4027848703125 0.7844705265624999 0.3984725296875 0.748222421875 0.405776484375 0.7509760796875 0.37428175 0.7316575656250001 0.3644029515625 0.7097000953125 0.30373426875 0.688948228125 0.2776185375 0.6425057296875 0.31571309375 0.6571132375000001 0.39760187812500003 0.6837355031250001 0.4484250703125 0.707878075 0.45026247656249996 0.7296540046875 0.4670826953125 0.75680026875 0.46115370312500004 0.7725465359375 0.4514623578125 0.7679502281249999 0.4411877234375
10 0.5198544953125 0.68159210625 0.528911778125 0.59612841875 0.46326546718749995 0.54205955625 0.391474796875 0.5437637484375 0.3697896390625 0.5488677609375 0.37399893125 0.5756543203125 0.3597990671875 0.6655511921875 0.3608899671875 0.78238876875 0.381710328125 0.7883843671874999 0.5105694625 0.785371821875 0.5222656999999999 0.7506980203125 0.5198544953125 0.68159210625
10 0.5220156671875 0.726969684375 0.5049490953125 0.7843926953125 0.5626546046875001 0.790300753125 0.6095290890625 0.783219696875 0.6186082374999999 0.776363675 0.634241453125 0.7027037328125 0.6654839578125 0.6595927046875001 0.6643691281249999 0.64696398125 0.5650913906249999 0.6089445953125 0.5338950984374999 0.5898911328125 0.5267728859374999 0.5927952046875 0.5293210703125 0.621660859375 0.521265571875 0.655784675 0.5220156671875 0.726969684375
10 0.6321264953125 0.5951616625 0.6005209078125 0.5505757609375 0.5830004796875 0.49837760781249996 0.5458652984375 0.4747368140625 0.5218819875 0.47470350781250004 0.43996541406249995 0.4870781734375 0.4353913875 0.5188479015625 0.42289884375 0.544501184375 0.46326546718749995 0.54205955625 0.5209932578124999 0.5900119765625 0.5825895359375 0.6190983859375 0.63713209375 0.6309687375 0.6321264953125 0.5951616625
10 0.18251780625 0.7051291843749999 0.1974454875 0.6443729578124999 0.195443578125 0.600799484375 0.154917690625 0.6014370125 0.11250294375 0.6224696578125 0.0762548390625 0.6297736125 0.048540021875 0.6083660609375 0.029312278125 0.620411496875 0.028219728125 0.6498271359375 0.0545234703125 0.69704211875 0.0700642671875 0.7477111625 0.1066531734375 0.7860597765625 0.1367346359375 0.792484515625 0.17330126562499998 0.78878876875 0.18251780625 0.7051291843749999
10 0 0.558946146875 0.0200288953125 0.5779379921875 0.0374585515625 0.6082119140625 0.0345233515625 0.5958581828125 0.0578473375 0.5466307109375 0.1008991296875 0.5328144765625 0.0935730953125 0.44982572187500003 0.077804546875 0.41747270625 0.052387882812499995 0.401202471875 0.0492711421875 0.34500027499999997 0.022034107812500002 0.3290050328125 0 0.2841147859375 0 0.558946146875
10 0.1639394703125 0.5991600625 0.1701968828125 0.6073556015625 0.17335983593749998 0.60139330625 0.197024621875 0.597818403125 0.20114314375000003 0.602680728125 0.206354215625 0.5781274140625 0.18853754843749998 0.5643654171875 0.159480146875 0.5486451671875 0.10279869531250001 0.5334416 0.0612487484375 0.5433746375 0.04463768125 0.5641655953125 0.0408599625 0.6049558375 0.0677784734375 0.6173428734375 0.0705544125 0.6278925015625 0.11606361875 0.6210176890625 0.153017259375 0.6008100171875 0.1639394703125 0.5991600625
10 0.35740849375 0.7847428562500001 0.36491772031249997 0.7653268609375 0.3611416515625 0.6598638890624999 0.3730433625 0.5648296984375001 0.35545444531250003 0.532751675 0.32268781562500004 0.5377015421875 0.3056674546875 0.5329600609375 0.2891933703125 0.5135107624999999 0.24058970156249998 0.506227740625 0.2242063859375 0.5087026734375 0.21487679375000002 0.5283936609375 0.201313975 0.6255069468750001 0.17951411718750002 0.7128955828125 0.178284584375 0.78255148125 0.203064203125 0.7916053 0.258471559375 0.7923760421875 0.35740849375 0.7847428562500001
10 0.5232707828125001 0.4068517140625 0.641276196875 0.3853689921875 0.64958173125 0.3749735125 0.645509421875 0.30794669531249996 0.6317205015625 0.277122790625 0.61731681875 0.281126834375 0.599977934375 0.272777146875 0.5602483546875 0.282435190625 0.5423631953125 0.288793321875 0.5239317609375 0.309859271875 0.5123725015625 0.30429281406249997 0.5127595171875 0.28778089218749997 0.4989021078125 0.2770771171875 0.4875706046875 0.2531946328125 0.4326410328125 0.2578362015625 0.4236984546875 0.2610152671875 0.41011335468750004 0.3160841921875 0.42230965937500003 0.3288670640625 0.4388745140625 0.3702405953125 0.40217090625 0.41417660156249997 0.4013968765625 0.44720044843749995 0.412091334375 0.46386651875 0.5232707828125001 0.4068517140625
10 0.632241196875 0.51287704375 0.6668059140625 0.46560782187500005 0.6709929265625 0.4503500171875 0.6618688046875 0.40968061718750004 0.631150296875 0.3960394640625 0.5785188765625 0.4058183515625 0.5376744671875 0.4028476703125 0.45521161875000005 0.4299301546875 0.4231728046875 0.464020665625 0.42706357656250005 0.48719901718749997 0.5405634546875 0.47736589374999994 0.583319003125 0.5019858171875 0.591009771875 0.5264182828124999 0.6080301328125 0.531159765625 0.632241196875 0.51287704375
10 0.3685840375 0.5143148046875 0.420578409375 0.4973195046875 0.38515054531250004 0.4094351203125 0.366469078125 0.40677273593749996 0.3542727734375 0.39398986406250003 0.3375709359375 0.3928565921875 0.313974640625 0.376311365625 0.23895252500000003 0.4040979828125 0.23444699062500002 0.4157475796875 0.2442304390625 0.5056777546875 0.288874846875 0.509902553125 0.309467453125 0.5342141796875 0.3334507625 0.5342474828125 0.36225813281249997 0.5262393953125 0.3685840375 0.5143148046875
10 0.21362498125 0.5560051968749999 0.1852508375 0.48533687031249995 0.16117675468749998 0.463379334375 0.156058103125 0.3636036640625 0.122495165625 0.35953301249999997 0.11173221874999999 0.3629870703125 0.094915678125 0.44413841718749997 0.0927990671875 0.48284956718750005 0.1012176515625 0.5364226828125 0.120536165625 0.54630148125 0.1577398390625 0.5498221484375 0.2097564921875 0.5748712078125 0.21362498125 0.5560051968749999
10 0.20816552656249998 0.4105769578125 0.2357433625 0.47222476875 0.26359516250000004 0.4533920625 0.25986365624999996 0.4320178140625 0.2704673421875 0.42675965156249995 0.2664173125 0.401777196875 0.29410985 0.3811403859375 0.3291746328125 0.3813278375 0.3374116734375 0.3910524875 0.3559338828125 0.39191076874999997 0.37208944375 0.40775186249999995 0.405561609375 0.38989828125 0.402148625 0.37213223906250004 0.375457865625 0.341429178125 0.371726359375 0.32005493125 0.35707264375 0.3003306375 0.35532076562500003 0.28048550156249996 0.3678133109375 0.25483221718750004 0.35331885625 0.23691202812499998 0.315091121875 0.24268687187500002 0.30544300468749996 0.2587696546875 0.27363194375 0.27454413906249997 0.2517190359375 0.2979641796875 0.1655246796875 0.3036724140625 0.1648191421875 0.31657613125 0.19674325312500002 0.364770240625 0.20816552656249998 0.4105769578125