9 0.6567503140625 0.6721745453125 0.718527925 0.7728884015624999 0.7424147609375 0.8205690421874999 0.7453467390624999 0.83468050625 0.75399179375 0.8368038296875 0.791429 0.8159366484374999 0.8253776437499999 0.8048710484375 0.84858321875 0.7884339015624999 0.9121326812499999 0.7663279953125001 0.9210560265625001 0.756494796875 0.9157983375000001 0.7489177203125 0.9140039124999999 0.73262601875 0.8698696890625 0.6676742250000001 0.8386777484374999 0.606994371875 0.8090019421875001 0.574562740625 0.7733103796874999 0.5204299203125 0.75837128125 0.50856193125 0.7349380125 0.5347816859375001 0.636454146875 0.5636116921875 0.6361252578125 0.5777421265625 0.6240675390625 0.5821595140625 0.61165563125 0.6017942921875 0.631574128125 0.6331958796875 0.646538528125 0.6439769125 0.6567503140625 0.6721745453125
9 0.1728215171875 0.965168053125 0.1715321671875 0.9738700281250001 0.19617797812499999 0.9889419734375 0.20573289374999998 0.9986676703124999 0.4948633296875 0.9969855578125 0.385512625 0.8856803796875001 0.3167578890625 0.8045696828125 0.2936535109375 0.816659003125 0.2880163359375 0.8253862734374999 0.2559127140625 0.8505696625000001 0.23943127187500002 0.8582732140625 0.210386128125 0.8921332828124999 0.1560626921875 0.93809531875 0.156972553125 0.9456976906250001 0.1728215171875 0.965168053125
9 0.049722590625 0.697442315625 0.0696591546875 0.77476149375 0.087384309375 0.8303573500000001 0.2164615328125 0.7711903999999999 0.3704696375 0.6915007296875 0.362823446875 0.6698090265625 0.34228602812500003 0.618305065625 0.3204215375 0.5654503156249999 0.3107841734375 0.57094043125 0.1966842265625 0.628661734375 0.12388275625 0.663048071875 0.049722590625 0.697442315625
9 0.1212286140625 0.6603464906250001 0.19124944375 0.628693353125 0.246198125 0.60256195 0.31631382656249996 0.566832725 0.25950387343750003 0.4394631390625 0.043354078125 0.550815796875 0.040903725 0.6560929796875 0.052439982812499994 0.69742650625 0.1212286140625 0.6603464906250001
9 0.6140906796875 0.4971747265625 0.6277408828125 0.49437828906250003 0.5895720453125 0.4416183921875 0.5593972609375 0.39560454843750004 0.44905716093750003 0.46688909375 0.330659759375 0.5341449828125 0.337200246875 0.5449750250000001 0.3881338171875 0.6329819609375 0.6140906796875 0.4971747265625
9 0.4988240515625 0.42991974375 0.553962478125 0.3956361671875 0.5119705453125001 0.3320304203125 0.49737275781249995 0.31717171875 0.27713529375 0.4407190734375 0.2978940796875 0.482712165625 0.3320184546875 0.534137078125 0.3707576609375 0.5040244421875 0.4437488734375 0.4614859296875 0.4988240515625 0.42991974375
9 0.05209552656250001 0.5371241328125 0.141517584375 0.4890559828125 0.21321335000000002 0.4438079828125 0.2809595234375 0.393148915625 0.244054509375 0.344457203125 0.2137532296875 0.303878140625 0.1433845359375 0.35047693125 0.0464140984375 0.41934485156249995 0.0440227828125 0.5220855375 0.05209552656250001 0.5371241328125
9 0.138013 0.34779115781250003 0.1765940875 0.3244720015625 0.20572755156250003 0.2984907859375 0.17264563125000001 0.26064492499999997 0.138647753125 0.20378522812500002 0.05039583125 0.24827334375 0.0465156859375 0.41498019375000006 0.09096350156250001 0.3847447 0.138013 0.34779115781250003
9 0.5503348078125 0.0845581 0.44685143437499997 0.15308573125 0.5417060015625 0.2218179796875 0.63014885 0.1574533859375 0.5916321484375 0.1196391421875 0.5503348078125 0.0845581
9 0.5418957453125001 0.21366580625 0.4909610390625 0.184074878125 0.44410241875 0.1544602359375 0.4110509875 0.1736716875 0.34804500312500003 0.1957744328125 0.3757553890625 0.2309345203125 0.438412371875 0.28219343750000003 0.5418957453125001 0.21366580625
9 0.2763481015625 0.2994384390625 0.3263973359375 0.3670728453125 0.43285109374999997 0.2876598375 0.41297664218749996 0.266039278125 0.3823591234375 0.2390471734375 0.34943532187500004 0.19440783125 0.3120548125 0.2245125625 0.29562396875 0.23004220000000003 0.24854284531249998 0.2683544375 0.2763481015625 0.2994384390625
9 0.9361352171874999 0.3887938109375 0.9095928750000001 0.408510796875 0.8818181062500001 0.4344841078125 0.84734473125 0.45642085625 0.812997853125 0.47292281875000003 0.8222557296874999 0.4837370515625 0.8625738640625 0.5025216515625 0.873063940625 0.5187627625 0.9248197359375 0.5714436109375 0.9334197703125 0.5054604781250001 0.9361352171874999 0.3887938109375
9 0.56665941875 0.66726463125 0.5282692140624999 0.62401560625 0.49515453281250005 0.6459444484375 0.49758730937499995 0.6581569 0.4755635625 0.6705116359375001 0.43543403593749996 0.7019908703125 0.38677284843750004 0.74982188125 0.4371067 0.8052280250000001 0.4875354234375 0.856558084375 0.543398928125 0.9078565234375 0.58207375 0.9388772875000001 0.57461616875 0.96744941875 0.6129126390625 0.956358525 0.6392654656250001 0.9331105093750001 0.658318828125 0.9316411484374999 0.672316896875 0.913899059375 0.7371875593749999 0.870049278125 0.7463505640625 0.884939596875 0.7523545796875 0.8604514578125 0.7404425578125 0.8469356421875001 0.6967124421875 0.79964215 0.6569319171875 0.7577597234375 0.6233123875000001 0.7430116875 0.608809471875 0.7240769 0.56665941875 0.66726463125
9 0.596045875 0.6304138499999999 0.5841654796875 0.615539340625 0.553578446875 0.6456045484375 0.5824577843750001 0.68890890625 0.6033114421875 0.7268259109375 0.631401315625 0.7456816515625 0.6623034515625 0.7604454953124999 0.68205140625 0.787500840625 0.71146835 0.8077073718750001 0.6986719921875 0.7738190265625 0.691025803125 0.752127325 0.67424823125 0.71418660625 0.6529518375000001 0.6952913421875 0.6472651984375 0.6477765171875001 0.631277090625 0.6342844171875 0.6181012453125 0.6167004203124999 0.596045875 0.6304138499999999
9 0.349329090625 0.7826440031249999 0.33928175 0.747381153125 0.32575804062499997 0.7447428078125 0.2881877859375 0.7829997140625 0.250933771875 0.807669659375 0.212194565625 0.8377822953124999 0.1874850515625 0.84879414375 0.20549482343749997 0.8921617390625001 0.2387359984375 0.864798115625 0.263730128125 0.8415580046875 0.312233196875 0.8005204718750001 0.365189565625 0.8599868953125 0.41024675468750005 0.9086311796875 0.448668584375 0.9505215109374999 0.4726191234375 0.97211835625 0.49660128437499995 0.9923565062499999 0.5129688812500001 0.9895442593749999 0.518878021875 0.9691322078125 0.4754957703125 0.9068930609375 0.433377340625 0.8487220953125 0.4205493609375 0.8161924468749999 0.40620456406249994 0.7904641812500001 0.376124653125 0.74037425 0.349329090625 0.7826440031249999
9 0.689450284375 0.527982065625 0.6620561375 0.47923501875 0.6331135546875 0.438648053125 0.6233813171875 0.4482142546875 0.6336184015625 0.47532493125 0.677032278125 0.5362053796875 0.689450284375 0.527982065625
9 0.5814210078125 0.3832498125 0.589320190625 0.39407195 0.6101422234375 0.43334765 0.626256828125 0.44140496718750005 0.634788490625 0.4250531921875 0.6230978375 0.4020265078125 0.6032550109375 0.37904725 0.5817056234375 0.3710215515625 0.5629368765625 0.3602626515625 0.5652115328125 0.37926858124999996 0.5814210078125 0.3832498125
9 0.5449271046875 0.31689505625000003 0.5183224234375 0.2925966265625 0.5256523734375 0.3278752859375 0.5532995109375001 0.3657527671875 0.5633163640625 0.3439583046875 0.5449271046875 0.31689505625000003
9 0.720638171875 0.47210164062500004 0.7062617515625 0.44773207031249995 0.6949178265625 0.46817574375 0.6944118421875001 0.4899148734375 0.6991192734375 0.5211332546875 0.7165609484375 0.5305413640625 0.720638171875 0.47210164062500004
9 0.6539694859375 0.3597330390625 0.6380118640625 0.4032982515625 0.665247890625 0.458838775 0.6929582734374999 0.49399886562499995 0.7047765593750001 0.45317475781249994 0.688093859375 0.41115795312500003 0.6539694859375 0.3597330390625
9 0.6494190375 0.38013718750000003 0.6471760078125001 0.3597725625 0.629829203125 0.3462883671875 0.55582829375 0.3154731234375 0.562052540625 0.339890121875 0.5737115703125 0.3642755015625 0.6019595609375 0.37633776406249997 0.6169052140625 0.3762508140625 0.6367164171875 0.40058876562499995 0.6494190375 0.38013718750000003
9 0.7219652437499999 0.47345243124999997 0.7309701296875 0.4951362296875 0.7483485562500001 0.5072617296875 0.780452403125 0.470395140625 0.742093821875 0.42578741875 0.728981225 0.40548603125 0.7090119031250001 0.3879415578125 0.6828804468749999 0.40167870156249996 0.7010799609375 0.43689412499999997 0.715551253125 0.4571876078125 0.7219652437499999 0.47345243124999997
9 0.70360874375 0.38661448125 0.6839872859375 0.354124353125 0.6427531921875 0.3163259203125 0.621077309375 0.3137350046875 0.6150100468749999 0.3409405359375 0.6393716953124999 0.3448743390625 0.6660396265624999 0.366455375 0.685882453125 0.3894346328125 0.70360874375 0.38661448125
9 0.5897008125000001 0.31935159375 0.6194023734375 0.327329865625 0.6252798921875 0.3082765078125 0.5658135234375 0.29503735625 0.55993600625 0.3140907140625 0.5897008125000001 0.31935159375
9 0.539682065625 0.30877450156249997 0.5726070015625 0.29499783281249997 0.58891135 0.29490297656250003 0.6333055703125 0.3136638625 0.6352651203125 0.287840740625 0.61261003125 0.26895338125 0.548435096875 0.28291185625000004 0.519775990625 0.2885126359375 0.539682065625 0.30877450156249997
9 0.707148359375 0.35127258437500003 0.694572234375 0.366289378125 0.7128349968750001 0.3987874078125 0.7250000109375 0.40143365781250007 0.7554277859375 0.43657793749999996 0.7629486156249999 0.405288415625 0.707148359375 0.35127258437500003
9 0.7629169921875001 0.40664711093749994 0.76655034375 0.42564513593750003 0.75824005 0.432486040625 0.799758759375 0.4580562140625 0.818212403125 0.42398606250000004 0.8211827859374999 0.41310068749999995 0.8024140390625 0.4023417875 0.7876897546875 0.3929178703125 0.7664566078124999 0.3713052140625 0.7422214546875 0.361936628125 0.7323310968750001 0.3782963078125 0.7629169921875001 0.40664711093749994
9 0.86880038125 0.41010663281250004 0.8535396265624999 0.36536453281250003 0.8315475031249999 0.376360571875 0.8411521093750001 0.4306451625 0.8216243859375 0.45249495624999997 0.8544860734374999 0.4414356796875 0.86880038125 0.41010663281250004
9 0.7525873078124999 0.266780503125 0.7533135234375 0.2939465125 0.7894290734375 0.31818960937499996 0.8214052890625 0.345173809375 0.783584315625 0.2774682625 0.7525873078124999 0.266780503125
9 0.7086358234375 0.2289978796875 0.71324838125 0.2642923484375 0.7277196734375 0.28458583125 0.753250275 0.296663903125 0.760802728125 0.264015684375 0.728131921875 0.20850677968750003 0.7086358234375 0.2289978796875
9 0.7198532531249999 0.21398899062500001 0.7132811421875 0.20451764374999998 0.6141279828124999 0.20373598906249998 0.6335280734375 0.245736984375 0.6463255671875 0.22120932031249999 0.6680646968749999 0.2210828453125 0.6905932906250001 0.2454049890625 0.71223755 0.24935460156249997 0.7198532531249999 0.21398899062500001
9 0.8063015171875 0.3520542390625 0.7964111609375 0.3684139203125 0.8067431171875 0.39144850781249996 0.795683809375 0.3996639203125 0.8248477609375 0.4307400171875 0.8262075921875001 0.372316103125 0.8063015171875 0.3520542390625
9 0.75982125 0.3645512578125 0.7906601390625 0.3820324953125 0.8036157515625 0.350711353125 0.7974863765625 0.3222182671875 0.73034219375 0.288646109375 0.7149538046874999 0.3077548 0.7483519656250001 0.3320137046875 0.7603272343749999 0.342812128125 0.769838103125 0.342756796875 0.75982125 0.3645512578125
9 0.7476246140625 0.3632637046875 0.7383034875 0.3551668640625 0.710403359375 0.3281589484375 0.6733718484375 0.28490201718749997 0.6645555703125 0.3134820546875 0.69264544375 0.332337796875 0.70035488125 0.3513121078125 0.7098973749999999 0.34989807968750003 0.736375559375 0.3796312890625 0.7476246140625 0.3632637046875
9 0.6764371031249999 0.26994055625 0.666073521875 0.2482646625 0.6504649015624999 0.21846821562500002 0.6351397609375 0.2348595140625 0.6491683187499999 0.2741747359375 0.6679686890625 0.283574940625 0.6764371031249999 0.26994055625
9 0.6491062046875 0.2184761203125 0.6737197125 0.269956365625 0.6872434203125 0.2725947109375 0.7035793921875 0.271141159375 0.6628512828125 0.21160359374999999 0.6491062046875 0.2184761203125