10 0.7918262796875 0.4286820640625 0.751469103125 0.4260306609375 0.716059484375 0.4358237640625 0.6397224453125 0.43752337499999994 0.6054533109375 0.458200653125 0.58213293125 0.4616637203125 0.5828932546875001 0.4689198375 0.5643303515625 0.48301338281249995 0.5891549953124999 0.5982233015625 0.61760209375 0.6784592703125 0.6856569718750001 0.6846500203125 0.7572365296875 0.6723199328125 0.8824029890625 0.6671953921875 0.9060057625000001 0.6838134921875 0.927327565625 0.6786632406249999 0.939704653125 0.6576941281249999 0.9399925046875 0.6430550453125 0.9070703171875 0.5722697703125 0.7918262796875 0.4286820640625
10 0.7852603046875 0.4181784390625 0.8482589296875 0.49781829999999994 0.885949515625 0.509793546875 0.9248783578124999 0.516199859375 0.9332582921875 0.491856384375 0.97010170625 0.4435881234375 0.9683909796875 0.427261859375 0.96058675 0.42232716875 0.7766034421875 0.38772049062499997 0.7404335015625 0.3902574765625 0.7104493734374999 0.3996700296875 0.7050184203125001 0.43477083125 0.7633682609375 0.4178866015625 0.7852603046875 0.4181784390625
10 1 0.6789558375 0.9625471015624999 0.6670561109375 0.935229565625 0.6671448203125 0.9148581640625 0.681365215625 0.8944922265624999 0.660865359375 0.8798341687500001 0.660066125 0.7552379515625 0.670632753125 0.6894640437499999 0.6862103515625 0.6852713484375 0.7157422125 0.6908759984375 0.7866161968750001 0.81166345 0.84575645625 1 0.832546396875 1 0.6789558375
10 0.1823354640625 0.645031528125 0.20899044843749998 0.6212335890625 0.257917640625 0.601355546875 0.31721788125 0.5935414640625 0.3299751328125 0.5762004078125 0.3221818234375 0.5018252140625 0.305726190625 0.43171232656249997 0.1389642984375 0.4397544 0.1248764828125 0.444397253125 0.123828309375 0.4517802203125 0.1583416078125 0.694225871875 0.19013423437500002 0.6846864703125 0.1823354640625 0.645031528125
10 0.1354882375 0.7543043921875 0.1795547203125 0.7749692375 0.23694869375 0.7837351140625 0.242086334375 0.797993646875 0.267883225 0.78339270625 0.3139592046875 0.7363042281250001 0.30939180781250003 0.7274877796875 0.236959615625 0.7142946109375 0.20916960625 0.6924881234375 0.17823507656249998 0.6928305296875 0.15005944531249998 0.7021162359375 0.1436780921875 0.7281468906249999 0.1350157671875 0.7324091953125 0.1354882375 0.7543043921875
10 0.401219121875 0.8745453140624999 0.5596591921875 0.8634322140625 0.5677512734375 0.853727821875 0.5654703046875 0.8319594718750001 0.543578259375 0.8316676359375 0.5261613015625 0.821925103125 0.4843867109375 0.75358810625 0.4753606078125 0.6500615953125 0.41882472656249997 0.6320987265625 0.38360518906249996 0.64370585625 0.34999860625 0.6880923609375 0.33933770625 0.690667484375 0.30468295 0.7424369546875 0.2465177296875 0.795855465625 0.24765821406250002 0.8067396406249999 0.401219121875 0.8745453140624999
10 0.5392992421875 0.47015019062499996 0.5274055468750001 0.4435740015625 0.4662044984375 0.4332477953125 0.352752575 0.39369399375 0.305726190625 0.43171232656249997 0.321416040625 0.52928935 0.33416782968750003 0.54666854375 0.38023835 0.5343003203125 0.39042677812500004 0.509829996875 0.45191568125000003 0.505517121875 0.5392992421875 0.47015019062499996
10 0.3864460078125 0.40229488125 0.42851391093749996 0.42127254687500004 0.531022540625 0.443320303125 0.537300665625 0.4684630109375 0.548341728125 0.4695159453125 0.5580522265625001 0.457870675 0.537697209375 0.367930315625 0.5080009328124999 0.3627037875 0.483632378125 0.373549821875 0.45069926875000005 0.3722050515625 0.39577634375000004 0.3870215515625 0.3854956046875 0.39322473593749996 0.3864460078125 0.40229488125
10 1 0.45062784375 0.992754075 0.45113607812499995 0.9569642953124999 0.4573011203125 0.9226897015625 0.5126986484375 0.8544447421875001 0.5046938671875 0.9207725109375 0.5987191109375 0.934854865625 0.6287965109375 0.9382763187500001 0.6614490359375 1 0.674236859375 1 0.45062784375
10 0.362430309375 0.59037023125 0.3668021640625 0.6320929015625001 0.3727978984375 0.6371544421875 0.48282836875 0.6440557171875 0.504818184375 0.62789444375 0.5319456406249999 0.62599170625 0.56021358125 0.634973140625 0.57439370625 0.6485974296875 0.5816276953124999 0.64809003125 0.5907679515625001 0.631002675 0.589345075 0.60003733125 0.56878905625 0.5777234453125 0.4720860796875 0.5589232 0.3515847875 0.5564110765625 0.34872811718749996 0.5639208906250001 0.362430309375 0.59037023125
10 0.482524134375 0.762855553125 0.51516393125 0.813559659375 0.5409553609375 0.8336789671875 0.558089928125 0.8233403312500001 0.5713196515625001 0.8278944734374999 0.570553865625 0.85535860625 0.5609799203125 0.863339578125 0.6691374406249999 0.8557533328125 0.6584099 0.8418868765624999 0.655569609375 0.7452359359375 0.6598546171875 0.7339712140625 0.6880302484375 0.7246855109375 0.6862272125 0.6900921078125 0.6260743375 0.6723829343750001 0.603139578125 0.6447538109375001 0.5870531859375 0.6477094828125 0.5624022390625 0.63847435 0.5027218359375001 0.6426603765625 0.48016177656250003 0.6533795625 0.4740682734375 0.664771134375 0.4744375140625 0.7378396953124999 0.482524134375 0.762855553125
10 0.304368321875 0.5926153796875 0.255348821875 0.59422628125 0.22012928125000003 0.6058334140625 0.17148448125 0.6457926234375 0.175383865625 0.6656200953125 0.2013653765625 0.6875534328125 0.22125884375 0.686158090625 0.23714969687499998 0.716108640625 0.2787451296875 0.71319110625 0.2853111046875 0.7236947328125 0.3182442125 0.72503950625 0.3932616078125 0.6412011859375 0.3686106609375 0.631966053125 0.3644288859375 0.5920574125 0.3496785203125 0.5729910359375 0.3350204625 0.5721918015624999 0.304368321875 0.5926153796875
10 0.38842820312500004 0.5081428140625001 0.37776184062499996 0.5454381921875 0.373384521875 0.5384357734375 0.3494939 0.5364567578125 0.333689896875 0.5594935984375 0.38251931875 0.5560686687499999 0.536523959375 0.56536765 0.560984825 0.5727887546875 0.5806882109375 0.5695793828125 0.563379946875 0.4739432375 0.6046929890625 0.45094453593750006 0.6737037296875 0.43148518124999996 0.6725632453125 0.4206010046875 0.659903765625 0.4214889515625 0.4820898890625 0.49791859531249993 0.38842820312500004 0.5081428140625001