3 0.9035211999999999 0.5946787 0.9067685750000001 0.5582847296875 0.8945429796875001 0.535868959375 0.8686937109375 0.512203546875 0.8422582078125 0.500605771875 0.8048157546875 0.502413028125 0.7720427234375 0.5261067640625 0.6566731453125 0.6893192359375 0.646343025 0.711631703125 0.6459601921875 0.7461589890625 0.653967584375 0.752626571875 0.701679709375 0.771987059375 0.7734271453125 0.7627790078125 0.8958300109374999 0.6121553375000001 0.9035211999999999 0.5946787
3 0.8712011453124999 0.723247809375 0.8973481484375 0.7468750125 0.9528260578125 0.7397549875 0.9657772234375 0.7216032875 0.967423121875 0.6839157984375 0.938258090625 0.6561787812500001 0.9012206812500001 0.60396825 0.828299634375 0.6927765796875 0.8288636593750001 0.7001994421875 0.8712011453124999 0.723247809375
3 1 0.2619847859375 0.9941849875000001 0.18545615 0.9506543296875 0.12692220468749998 0.8928119515624999 0.078880828125 0.7533995625000001 0.0967729859375 0.793060071875 0.26857087968750004 0.854864878125 0.38955717500000003 0.8703840265625 0.4355350546875 0.9185873703125 0.5357812078124999 0.9404218375 0.565958078125 0.963090359375 0.56754595625 0.99527715625 0.5559198578125 1 0.552895434375 1 0.2619847859375
3 0.7012596984374999 0.3463107265625 0.7181991328125 0.3516319734375 0.807902390625 0.3056413234375 0.7549514546875 0.096573815625 0.6138708937499999 0.11468006718749998 0.7012596984374999 0.3463107265625
3 0.617889653125 0.1141643 0.5020051015625 0.1290369 0.4938793125 0.169055065625 0.495144134375 0.264831946875 0.48571645312499995 0.299020996875 0.49309319531250007 0.3565372234375 0.519597084375 0.408600575 0.533788296875 0.61514724375 0.5309921421875 0.6574795046874999 0.55467590625 0.6724285375 0.605516425 0.6689017765624999 0.6214406140625 0.66086186875 0.6253426109375 0.6528658359375 0.6232215265625001 0.6051684515625 0.6513900078125 0.40217964687499996 0.6778921359375001 0.35530591562499997 0.685853353125 0.30181742031250003 0.617889653125 0.1141643
3 0.3572001484375 0.6453057828125 0.3685455125 0.6363544703125 0.38931855937500004 0.5932141078125001 0.414737059375 0.49251364375 0.49961015625 0.2642587796875 0.5041205953125 0.22470460781249998 0.49545858281250005 0.1898390828125 0.499969021875 0.1502849125 0.495638015625 0.13285215 0.41245347656250003 0.1855014421875 0.3178551890625 0.20663646875000002 0.30490834375000003 0.2142942625 0.2780455890625 0.2762047796875 0.2696331515625 0.32375498281250004 0.22849386093750002 0.454955003125 0.17341469062499998 0.5609611609375 0.1725806375 0.58955015625 0.1966028171875 0.60895290625 0.301442390625 0.6434674203124999 0.3572001484375 0.6453057828125
3 0.0047628328125 0.204630746875 0.0145263703125 0.23057512500000002 0.0340825296875 0.2505510421875 0.08742696250000001 0.26019438125 0.0923442046875 0.26555950625 0.1072309421875 0.26364894375 0.40821306562500004 0.1890437546875 0.48544290781250005 0.1371586890625 0.5058331203125 0.12854561250000002 0.0044895171875 0.19288794843749998 0.0047628328125 0.204630746875
3 0.13380321875 0.3561778703125 0.1088102125 0.2844329625 0.095321553125 0.26517739375 0.0372854859375 0.2531380765625 0.0059625328125 0.2561747234375 0.011942371875 0.5130929625 0.0282716390625 0.7279947531250001 0.034226334375 0.727230528125 0.076833846875 0.7142670390625 0.0813220796875 0.6942033703125 0.0785019546875 0.65708905 0.1068089640625 0.6339684828125 0.13182242187499998 0.5872858062499999 0.14149792187500002 0.5365753984375 0.1453537421875 0.46862329062499997 0.13380321875 0.3561778703125
3 0.1438428578125 0.48830484687500003 0.13297268125 0.5826410328125 0.1096735078125 0.632101796875 0.0901857359375 0.6525914562499999 0.14515385625 0.6440378078125 0.21212196562500002 0.6549307859375 0.2475117203125 0.645891721875 0.2492482140625 0.629179309375 0.1858436875 0.60583658125 0.1637614 0.592181065625 0.162971765625 0.5817890578125 0.17591860937499998 0.574131259375 0.1788053609375 0.5527740734375 0.21207403125000002 0.4960376234375 0.242973796875 0.40812514687499996 0.2456571484375 0.3643083125 0.26047549999999997 0.32193217500000004 0.2606105140625 0.30392624687500003 0.257451975 0.2623582078125 0.23710618125 0.23199027968750002 0.1114713546875 0.2601066296875 0.1001259890625 0.2690579421875 0.12376533593750001 0.32298797968750004 0.13892385937500001 0.3840026421875 0.1438428578125 0.48830484687500003
3 0.4054718765625 0.7860175109374999 0.4017271046875 0.7565171109375 0.350840409375 0.7000877937500001 0.296593534375 0.6785678749999999 0.16484503125 0.646007796875 0.1064483390625 0.6490052656249999 0.094877365625 0.6549874328125 0.0808930671875 0.6687745765625001 0.076833846875 0.7142670390625 0.0460229203125 0.7242175093750001 0.0372942765625 0.74782349375 0.038716321875 0.8061039421875 0.054821706250000005 0.8400141828125 0.06658313906249999 0.8534952265625 0.3989401828125 0.8108405890625001 0.4054718765625 0.7860175109374999
3 0.5339011015625 0.6166318171875 0.51925866875 0.40414685468749995 0.49469467343750007 0.3578307390625 0.4898218515625 0.3134846140625 0.484904609375 0.3081194890625 0.4704468828125 0.33545884375 0.40727148281250003 0.5129594265625 0.3866796265625 0.5980499375 0.3629292328125 0.6415724125 0.3139158046875 0.6493618359375 0.315833490625 0.6745995734375 0.3273822546875 0.6881079078125001 0.42031243749999997 0.7241508718749999 0.4578676953125 0.7238281859375 0.47791949218749996 0.7107613921875 0.50818860625 0.6738975578125 0.5339011015625 0.6166318171875
3 0.671807703125 0.6708873171875 0.6869422593750001 0.6524554015625 0.7832752843749999 0.5156708796875 0.819251271875 0.4945641765625 0.841986421875 0.4376805484375 0.8629628687500001 0.41699983281249997 0.8093910640624999 0.3054502671875 0.7679115999999999 0.33325948437499997 0.74508585625 0.369168040625 0.694899959375 0.40109274062500005 0.6596008 0.43110687968750006 0.643315984375 0.4541835703125 0.6216200484375001 0.6038749343750001 0.6237411328125 0.6515723203125 0.61697459375 0.6614350375 0.5831863171875 0.6717676171875 0.60229125625 0.6858052453125 0.644425340625 0.6863939640625001 0.671807703125 0.6708873171875
3 0.647674475 0.748937078125 0.5630900999999999 0.7238154171875 0.5241811828125 0.7063232265625 0.48479883749999997 0.7023832484375 0.46519825781249996 0.721388334375 0.440003609375 0.726120859375 0.35404336718749996 0.7026748281249999 0.3677576359375 0.7248995421875 0.3931556859375 0.7426266640625 0.401839909375 0.758001684375 0.4043216171875 0.7906622859375 0.3978192984375 0.81098444375 0.6945907859375 0.77289685 0.667117828125 0.7674284250000001 0.647674475 0.748937078125