2 0.059348606250000005 0.6779204609375 0.1649810890625 0.66425896875 0.1742927296875 0.656766228125 0.1698065140625 0.5605041421875 0.1504141671875 0.558987546875 0.0441747375 0.5892392390625 0.047122821875 0.65249718125 0.059348606250000005 0.6779204609375
2 0.3609855375 0.694463684375 0.3754166921875 0.6783674109375 0.3770792078125 0.6548132265625 0.3542298609375 0.63834598125 0.28754039531250003 0.6288242578125 0.21441949062500001 0.6293693671875 0.20373183749999998 0.6369502312499999 0.2000524234375 0.646840815625 0.19791114062499998 0.68973554375 0.2037356328125 0.6962589078125 0.2921849359375 0.6988699375 0.3609855375 0.694463684375
2 0.3352296359375 0.763697771875 0.3515495125 0.7585147515624999 0.36959599375 0.731152721875 0.3700747625 0.7118121796875 0.3610496265625 0.6958388578125 0.199735775 0.6992736265625 0.19029595625 0.704016021875 0.18130475937499999 0.7183846234375 0.177723375 0.7599923015625001 0.1849879703125 0.7678027140625 0.283740390625 0.7545818453125 0.3352296359375 0.763697771875
2 0.305598259375 0.77938825 0.305277815625 0.7725123875000001 0.2965731203125 0.763414928125 0.21814043437500003 0.7684380578125001 0.1903638390625 0.76469986875 0.14671598749999998 0.7757709046875 0.1427701703125 0.7898163828125 0.305598259375 0.77938825
2 0.45244321875000004 0.70239915625 0.48268154374999994 0.6701184828125 0.530808021875 0.6366921796875 0.5314149703125 0.620101984375 0.5153815921875 0.6018189406250001 0.5042453203124999 0.5997735984375 0.43810250625 0.6315951796875 0.42117568125 0.6533683953125 0.3904246484375 0.6746476890625 0.40498777343750003 0.7206104343749999 0.41468394843749995 0.72136873125 0.45244321875000004 0.70239915625
2 0.6656308484375 0.71633135 0.6831005296875 0.6765927656249999 0.6575632484375 0.6616769437500001 0.6451150515624999 0.661094896875 0.64117928125 0.665484790625 0.6080909046875 0.66622461875 0.5575629906249999 0.6777362828125 0.5506867265625 0.7374855828125 0.5633271890625 0.742193146875 0.6642887765625 0.7467613984375 0.6656308484375 0.71633135
2 0.7566662625 0.6263651890624999 0.740410471875 0.6329233796875 0.7366028796874999 0.64006361875 0.7267823234375 0.69586365 0.7284486328125 0.7316181390625001 0.8119706859375 0.746958225 0.8242783484375 0.7461699937499999 0.84419196875 0.697999228125 0.8513245875000001 0.6437506171875 0.7843146796875 0.62735303125 0.7566662625 0.6263651890624999
2 1 0.691189071875 0.9956776749999999 0.631747140625 0.9625252078125 0.6311117984375 0.852093653125 0.6602526906249999 0.86448155625 0.718768240625 0.8755424421875 0.7428868453125 1 0.7349161093750001 1 0.691189071875
2 0.6822975234374999 0.6297487703125 0.6916091640625 0.6222560296874999 0.6903914765625 0.5961277484374999 0.679798059375 0.5761170359375 0.6644055718749999 0.5715857203125 0.5928529484375 0.5761682234375 0.558516734375 0.579746521875 0.5545809640625 0.5841364171875 0.55349525 0.62006715625 0.55938383125 0.6279656921875 0.6465212109375 0.6320400203125 0.6822975234374999 0.6297487703125
2 0.8404257015625 0.350662590625 0.8243659718749999 0.420654975 0.8300321374999999 0.45339474375 0.83723264375 0.45982998124999996 0.8840811390625 0.4582089015625 0.9279212609374999 0.45126338125 0.9317929406250001 0.445498315625 0.923216425 0.43915120312499994 0.9308316078125 0.424870725 0.92804564375 0.394705053125 0.9318532359375 0.3875648140625 0.9210336124999999 0.33308665625 0.9097691609374999 0.3282909671875 0.8822489203125 0.33005346874999997 0.8548568578125 0.334566315625 0.8404257015625 0.350662590625
2 1 0.3700423421875 0.9809410468750001 0.3747661015625 0.963215009375 0.4090039984375 0.9324639765624999 0.4302832921875 0.9209130218749999 0.4489536625 0.9204342546875001 0.46829420468749994 0.9399246296875001 0.5015278953125 0.9713165515625001 0.494000328125 0.9839570140625 0.4987078921875 0.9860681515625 0.484779915625 0.99275594375 0.48021377187500003 1 0.4797498359375 1 0.3700423421875
2 0.45853524375 0.38891308593749996 0.45760785468750004 0.39862741874999996 0.47636310625 0.4457009625 0.484939621875 0.452048075 0.5285874749999999 0.4409770375 0.5766498640625 0.4061755640625 0.5744406984375 0.38838644375000003 0.5550785 0.3579030984375 0.540613403125 0.34365745 0.529477128125 0.3416121046875 0.5145332640625 0.346707 0.49741417343750005 0.364354696875 0.4688383640625 0.3730811875 0.45853524375 0.38891308593749996
2 0.3785720171875 0.47954942031250003 0.421036121875 0.4726920265625 0.47498709375 0.4457890875 0.47232930624999997 0.418373759375 0.4650647140625 0.4105633484375 0.45536853906249997 0.4098050515625 0.344232009375 0.42381904531250003 0.334984459375 0.4326869578125 0.32762562812499996 0.45246812500000005 0.3374839203125 0.486318690625 0.3501884734375 0.492401428125 0.3785720171875 0.47954942031250003
2 0.6575480703125 0.42444224531249997 0.6269553640625001 0.4195051328125 0.6079475515625 0.426239575 0.6028921234375 0.43621828437500004 0.6169085984375 0.440837725 0.632915621875 0.5473961890625 0.6373000125 0.5526325062499999 0.6524361453124999 0.5516631296875001 0.6698115921875 0.539516125 0.6575480703125 0.42444224531249997
2 0.71288264375 0.51606853125 0.7019386375 0.5181487046875 0.715860875 0.5503597234375001 0.7107413609375001 0.558963259375 0.71256599375 0.56850134375 0.7170144734375 0.5751128296875 0.73071050625 0.5728564078125 0.7403124421875 0.6012062828125 0.7922163671875 0.5896064953125 0.8050792453125 0.5694728265625 0.8039897343750001 0.5460948906249999 0.7912512406250001 0.5096702296875 0.7811064453125 0.499285725 0.7742263859375 0.49972634843749997 0.723155615625 0.52920338125 0.71288264375 0.51606853125
2 0.8519239484375 0.5085430718749999 0.8380997390625 0.50804915 0.8246600624999999 0.5158062640625001 0.8129507828125 0.560693040625 0.8089207765624999 0.5926745109375 0.8177536484375001 0.6045223140625 0.8589058328125001 0.59912821875 0.8679611171875001 0.5861347890624999 0.8724698921874999 0.5348127734375 0.8519239484375 0.5085430718749999
2 0.8099837296875 0.2008917234375 0.842084421875 0.2677997296875 0.8429175765625001 0.285676975 0.8765827515625 0.2973136984375 0.89578283125 0.294704778125 0.9107568468749999 0.26064313125 0.8962276609375 0.2450223109375 0.8866898109375001 0.2180476078125 0.8822073906250001 0.18109419531249998 0.880537953125 0.1798218359375 0.816291296875 0.1839364375 0.812094865625 0.18696374531249998 0.8099837296875 0.2008917234375
2 0.9317514109375 0.2965390421875 0.95309656875 0.310344065625 0.9983539 0.304194459375 0.9936181953125001 0.2025790234375 0.9284225890625001 0.28433873906249996 0.9317514109375 0.2965390421875
2 0.8818567984374999 0.2031850828125 0.8870102546874999 0.22492347031249998 0.902787275 0.23770582031249998 0.937251665625 0.23687786718749998 0.9807072515625 0.2216813109375 0.993759021875 0.2056007828125 0.9922242640625001 0.1726690171875 0.8941342640625001 0.17895107500000001 0.8891515406250001 0.1820287421875 0.8818567984374999 0.2031850828125
2 0.8288483937500001 0.4576083875 0.8227976937499999 0.41661758125 0.801068003125 0.394561521875 0.76765918125 0.3884254875 0.76116365625 0.39711715000000003 0.754509803125 0.43202521718750003 0.75671896875 0.4498143359375 0.77896136875 0.4828717765625 0.79016173125 0.48629229531249996 0.8078576203125 0.48102115 0.8288483937500001 0.4576083875
2 0.5051160046875001 0.2038652921875 0.4875482921875 0.21188678125 0.4889582453125 0.24214057968749997 0.5465924265625 0.2646557328125 0.5919367359375001 0.26037243125 0.58956545 0.20949104375 0.5846495 0.1987716625 0.5051160046875001 0.2038652921875
2 0.6861124984375 0.23778973125 0.710560271875 0.2293276171875 0.7262392609375 0.21039287031249998 0.758336159375 0.21799220312499998 0.7627205515625 0.22322851875 0.802688990625 0.2220480640625 0.81350481875 0.21721754531249998 0.8085503812500001 0.18443219375 0.6580253421875 0.19407239375000002 0.65666959375 0.1982970515625 0.6658869984375 0.2183958921875 0.6861124984375 0.23778973125
2 0.124556440625 0.5371958640625001 0.18353269218749999 0.52928096875 0.20327562968750001 0.508706675 0.21169002812499998 0.48196151875000004 0.19559256249999998 0.462303303125 0.1659272453125 0.4476518578125 0.13635995625 0.4647175078125 0.0481670078125 0.46760716718750006 0.017864596875 0.4985126703125 0.0160739046875 0.5193165109375 0.03773950625 0.539997396875 0.124556440625 0.5371958640625001
2 0.281553784375 0.589208625 0.32558616875 0.5863886234375 0.36139262968749997 0.555130621875 0.3592776984375 0.509749921875 0.3444280703125 0.48725323906250007 0.23959480000000002 0.48845005312499995 0.20269883125 0.4963301203125 0.1820925921875 0.5279939203125 0.21195017656249998 0.5467708828125 0.2084630265625 0.5607869859375 0.2205606328125 0.58345991875 0.281553784375 0.589208625
2 0.1304637875 0.3382016234375 0.1165114 0.33495735625 0.0854399234375 0.3493607859375 0.043039904687500005 0.3575933546875 0.0342409734375 0.376087475 0.015681784375 0.392448125 0.027621065625000003 0.44133746562500004 0.043910793749999996 0.4651212 0.0619912171875 0.468101090625 0.0741830609375 0.463182446875 0.12791161874999998 0.461120740625 0.1255742734375 0.4405812765625 0.1542443203125 0.404263209375 0.1742436125 0.38918960625 0.1675520234375 0.3344470734375 0.1397754265625 0.330708884375 0.1304637875 0.3382016234375
2 0.0034265453125 0.294476584375 0.0291817546875 0.32675750937500003 0.07372685 0.3349388875 0.0826238109375 0.3481618640625 0.1017598015625 0.34417776718750004 0.120190815625 0.3250667734375 0.1221398328125 0.2780465265625 0.0254344578125 0.2759642453125 0.010426503125 0.279683965625 0.0033351484375 0.2866220234375 0.0034265453125 0.294476584375
2 0.15020293125 0.25831865625 0.151130321875 0.24860432187499998 0.1417177796875 0.2271387015625 0.0027465625 0.23603895000000003 0.00331634375 0.2850059265625 0.04633099375 0.2801430609375 0.1347162078125 0.28137891875 0.15020293125 0.25831865625
2 0.205020996875 0.2796348859375 0.31071757031249997 0.267348565625 0.334875046875 0.2230438359375 0.336141728125 0.21468705 0.1341087609375 0.2276260140625 0.132921721875 0.242874084375 0.14188277031250002 0.2574722328125 0.190299546875 0.2598885453125 0.196572659375 0.27603811875 0.205020996875 0.2796348859375
2 0.35206960625 0.38469733437500003 0.29245246874999997 0.3788605046875 0.2570606875 0.38940279218749996 0.21280588906250003 0.417064028125 0.20976736406250002 0.4407063390625 0.23168931874999998 0.4668879171875 0.25796172500000003 0.467963884375 0.3311768671875 0.4398271953125 0.3646799234375 0.4183716515625 0.35206960625 0.38469733437500003
2 0.49817944374999995 0.32154809218749997 0.4952653015625 0.288632075 0.48585563125000003 0.2644077171875 0.48198015468750005 0.21086410781249998 0.4768313125 0.20567675 0.399163078125 0.21065092187499998 0.3705872703125 0.21937741093750002 0.3478359546875 0.2346272640625 0.3483486640625 0.2456286453125 0.3709755953125 0.2869371234375 0.33148972187500003 0.3280857078125 0.348835021875 0.34490545156249997 0.3473006828125 0.37120998437499997 0.35744547656250003 0.3815944890625 0.3698936765625 0.3821765359375 0.3900211453125 0.369853278125 0.4161012859375 0.36680373125 0.47594083749999994 0.347799328125 0.490564259375 0.33582856875 0.49817944374999995 0.32154809218749997