9 0.2999481796875 0.8186174453125 0.3413489453125 0.61196914375 0.10303155312500001 0.5660337265625001 0.08688513125 0.7778624984375 0.2967503875 0.812059278125 0.2999481796875 0.8186174453125
9 0.5225643765625 0.7930517109374999 0.5384134046875 0.6720094953125 0.5305829203125 0.6792565125000001 0.5059194140625001 0.665691128125 0.3375603140625 0.6137958859375 0.2975832421875 0.8194568468749999 0.37209139687500004 0.8335899203125001 0.483184446875 0.8656800546874999 0.49208616562499996 0.8670791843749999 0.5225643765625 0.7930517109374999
9 0.5453731703125 0.36548128125 0.569955196875 0.5219449203125001 0.74519414375 0.5422215171875 0.7481675906249999 0.396144475 0.5453731703125 0.36548128125
9 0.75170300625 0.397911265625 0.7417794625 0.5428959234375 0.9241594937500001 0.5994171328125 0.9378581453124999 0.422325840625 0.75170300625 0.397911265625
9 0.028463178125 0.19268331875 0.21438493125 0.23231363906250002 0.24264333124999998 0.22948850156249997 0.3012357265625 0.2290089015625 0.3043633484375 0.16924040625 0.033119190625 0.1266074828125 0.028463178125 0.19268331875
9 0.7417963296875 0.7413954390625 0.5467591546875 0.6925739546874999 0.5473192453125 0.7940115390625 0.554849471875 0.8238789421874999 0.57935906875 0.831555759375 0.6015429625000001 0.8312180124999999 0.6383739937499999 0.841787584375 0.674052190625 0.85504434375 0.707424715625 0.8736754765624999 0.7245573921874999 0.862982521875 0.7417963296875 0.7413954390625
9 0.56603721875 0.5693951187499999 0.55278289375 0.5797415265625 0.5487982812500001 0.6909822 0.591280246875 0.7033960875 0.6612638640624999 0.7220448187499999 0.737098325 0.7397009 0.7495861234375 0.67186634375 0.75407071875 0.6218964359375 0.6337151671875 0.5934182203125 0.56603721875 0.5693951187499999
9 0.8445993578125 0.7728515984375 0.7492198515624999 0.74543061875 0.7424827171875 0.745327834375 0.7372450984375 0.7923110015625 0.73096788125 0.8267011078125 0.7190597640624999 0.8726358359375 0.7705178953125 0.8807237906250001 0.828446621875 0.8926971484375 0.86793653125 0.906553015625 0.8994698359375001 0.9239389390625 0.915802890625 0.9245938375 0.929176984375 0.8578547125 0.9346611062499999 0.7936999874999999 0.8445993578125 0.7728515984375
9 0.904720071875 0.658004478125 0.75617648125 0.6193590265625 0.7490530421875 0.679431578125 0.7437021875000001 0.74169499375 0.7784274531250001 0.7548019765625 0.824034746875 0.7638825781249999 0.8852421015624999 0.7840202781250001 0.93186895625 0.7923050046875 0.9452630859375001 0.738954815625 0.956531415625 0.6747531015625 0.904720071875 0.658004478125
9 0.21925796250000001 0.5273195953125 0.2534967453125 0.5336572187499999 0.2756806421875 0.5333194703124999 0.3066608296875 0.5448816921875 0.30196238124999997 0.406460803125 0.26187275468750004 0.4011158234375 0.1979599171875 0.392026421875 0.1586899484375 0.38872253125 0.1310550234375 0.38437899999999997 0.10512605156249999 0.383171984375 0.1088646015625 0.42582921875 0.1153752625 0.45649249843749995 0.1203798828125 0.48118229843749993 0.1155020046875 0.49571365937499995 0.118734034375 0.5182125953125001 0.1603763078125 0.5151964609374999 0.19060347500000002 0.5237719421875 0.21925796250000001 0.5273195953125
9 0.2683564046875 0.322776284375 0.21403948750000001 0.3142389984375 0.09594300624999999 0.294721003125 0.0978022625 0.3093551484375 0.10220716249999999 0.3425558390625 0.10532595781250001 0.380335021875 0.141603871875 0.385080890625 0.18550521250000002 0.39102497812500003 0.2619393890625 0.40017016875 0.30843297187499996 0.41034620312500003 0.309125890625 0.373166128125 0.3063402703125 0.33065867031249996 0.2683564046875 0.322776284375
9 0.304621259375 0.4097470953125 0.30798003125 0.47146719375 0.30728711249999996 0.5086472703125 0.31067244843749997 0.5426438359375 0.3706403015625 0.5530254375 0.4501532046875 0.5731719359375 0.4783412421875 0.583339171875 0.487803446875 0.44905624531250005 0.45675662343749995 0.43843967968750003 0.3797693296875 0.4234707828125 0.3369541875 0.415785165625 0.304621259375 0.4097470953125
9 0.38740581875 0.3424440578125 0.3483357546875 0.336303203125 0.3294104578125 0.3314163546875 0.30919905625 0.3311080015625 0.3107652046875 0.37724829843749996 0.31033883125 0.4106457578125 0.4245569640625 0.4305103 0.48685052031250003 0.4489064671875 0.48909608281250005 0.40336527968749997 0.49045535312500005 0.3567286578125 0.44471479062499997 0.3495393640625 0.38740581875 0.3424440578125