9 0.2860556515625 0.879162571875 0.3506141921875 0.930668440625 0.35757543593749996 0.9431116812499999 0.374731621875 0.9429847656250001 0.39577453125 0.9145656000000001 0.431184040625 0.8140116703125001 0.4376717296875 0.8060124796875 0.4357663734375 0.7576512296875 0.388352871875 0.739426915625 0.375420071875 0.73063595625 0.26998944375 0.5947087765625 0.17100392343749998 0.4755717421875 0.16287351875 0.47075426406250004 0.1502185625 0.4725049375 0.1913543703125 0.7934517265625 0.2860556515625 0.879162571875
9 0.62332639375 0.7304724453125 0.6284340109375 0.7452011671875 0.612204640625 0.7441853421875 0.56289493125 0.7530358500000001 0.529888615625 0.7467319765625 0.4732698609375 0.757173340625 0.47295349375000006 0.77982656875 0.4860323375 0.8651216546875 0.5034400203125 0.9339477921875 0.5120439796875 0.9592077 0.5334549890625 0.9587820421875 0.545945671875 0.9557497015624999 0.5737500578125 0.9214674578125001 0.6876405953125 0.8973058765624999 0.8647115953125001 0.838533534375 0.90640703125 0.8205186390625 0.894822865625 0.7803806343749999 0.8710958203124999 0.7292408765625 0.8608177124999999 0.6825451671875 0.8366799890625 0.6282012421875 0.8290657187500001 0.6190368546875 0.8129529453125001 0.5770614828125 0.81103644375 0.562108703125 0.7701846531250001 0.5197149921875 0.7458563125000001 0.5225008171875001 0.7133235484375 0.536639375 0.6914147078124999 0.6922840875 0.58381209375 0.6901401593750001 0.60051501875 0.7115984156249999 0.62332639375 0.7304724453125
9 0.376651065625 0.7348601953125 0.4103147265625 0.7463522984375001 0.4230551671875 0.7500763328125 0.42325072812500003 0.7516021265624999 0.4425472859375 0.761023934375 0.4544173640625 0.7555719296875 0.46676668125000004 0.756244375 0.495631853125 0.7542176703125001 0.5124935578125001 0.742257090625 0.5518429765625 0.7502709328125 0.5867850265625 0.747817553125 0.6110925375 0.74611085625 0.6342719546875 0.7475624140625 0.5736226703125 0.681002628125 0.5219836828125 0.6369030765625 0.44197566874999994 0.57478156875 0.389163315625 0.521527253125 0.3107197921875 0.47161209687500005 0.2629014890625 0.433402384375 0.2402490078125 0.471941471875 0.197064428125 0.505764078125 0.278923034375 0.60624376875 0.318649096875 0.6650354828125 0.3640609140625 0.7203489375000001 0.376651065625 0.7348601953125
9 0.5601434234375 0.5279965640625 0.5265703015625001 0.5411305 0.5371450875 0.575797084375 0.593115378125 0.5580115328125 0.6458969406249999 0.5512265421875 0.9022280609375001 0.47808121249999996 0.87873014375 0.2947474765625 0.78519611875 0.31051724062499997 0.48947524062500003 0.3713082703125 0.5139040875 0.454266915625 0.5377607281250001 0.484921896875 0.5601434234375 0.5279965640625
9 0.7688631828125 0.51796034375 0.806783921875 0.5507068953124999 0.8136883156250001 0.5686964156250001 0.8267601296875 0.6108853015625 0.850466478125 0.6523275078124999 0.9082021015624999 0.6498132546875001 0.8797307515625 0.48586468906249997 0.7688631828125 0.51796034375
9 0.2436333 0.46246670468750006 0.265939928125 0.4331890484375 0.503121096875 0.6212926984375 0.5044139624999999 0.5596209296875 0.523727421875 0.5428696296875 0.5423039078125 0.532328175 0.5549251265625 0.5252839046875 0.425577478125 0.3511623109375 0.164903671875 0.386399715625 0.14032335468749998 0.395301271875 0.149889859375 0.46994035156249997 0.163701346875 0.47269752187499997 0.1951540859375 0.502819159375 0.2436333 0.46246670468750006
9 0.3803612234375 0.2973746515625 0.40618795625 0.2955612859375 0.447311903125 0.26958098750000004 0.48210366093749996 0.27791483437500003 0.45271155625 0.2399508921875 0.4374288203125 0.21639153906250003 0.442091496875 0.1929712859375 0.395115190625 0.125451484375 0.3409339078125 0.061516609374999996 0.1241291609375 0.26895210937499997 0.13869059374999998 0.38256225 0.2694129265625 0.292848440625 0.3244959515625 0.292059959375 0.3803612234375 0.2973746515625
9 0.4391436015625 0.21781066249999997 0.4790652234375 0.278128171875 0.44598824531250003 0.27121344999999997 0.4006977625 0.30056534375 0.2648552671875 0.293168446875 0.1398139125 0.3820032375 0.141015615625 0.3942350609375 0.43013513750000004 0.3508423046875 0.506849403125 0.4470646203125 0.4875648984375 0.36836335 0.5786728015625 0.3496502140625 0.613853846875 0.205543771875 0.45159793906249995 0.1953828640625 0.4391436015625 0.21781066249999997
9 0.5149170484375001 0 0.5327466937499999 0.051127951562499996 0.5442540171875 0.0811104875 0.565418071875 0.102717371875 0.5548288046875001 0.115777071875 0.5744736390625 0.1374906265625 0.7304879 0.2065917203125 0.7542087328125 0.2003076421875 0.8697015890625 0.224305546875 0.8409523046875 0 0.5149170484375001 0
9 0.3233949765625 0.0442737703125 0.24526834687500002 0.080549753125 0.172892490625 0.021741182812500003 0.0931616046875 0.027339309375 0.12301372656250001 0.260249340625 0.3233949765625 0.0442737703125
9 0.6606798640625 0.283850803125 0.686265765625 0.268198621875 0.6934254703125 0.252300671875 0.688386146875 0.2249430515625 0.6614005265625 0.16987536718750001 0.6050988625 0.1491960671875 0.569329296875 0.13323325 0.5513992421875 0.112938821875 0.500046359375 0.094991103125 0.366858525 0.008122290625 0.220382709375 0.0184067625 0.20421862812499997 0.0233905015625 0.2126875109375 0.053586371875000004 0.2111682921875 0.053693040625 0.24659200625 0.078917290625 0.3262378546875 0.042534639062500004 0.1266660375 0.2674620265625 0.340542784375 0.058465021875 0.44532549687499995 0.19428374375 0.6136582859375 0.2040179796875 0.58563694375 0.33222646718750004 0.6426447921875 0.28665661875000004 0.6606798640625 0.283850803125