9 0.6421341218750001 0.8996055000000001 0.6591570250000001 0.8980519812500001 0.6656307765625 0.885177503125 0.7278846046874999 0.8283908234374999 0.8106889640625001 0.7435061484375 0.841167378125 0.41632585000000005 0.8359114953125 0.4161267265625 0.8280134468749999 0.421642740625 0.7339548890625001 0.5480710796875 0.6340853531249999 0.6915831406249999 0.6215612796875 0.7014626140625 0.5751604484375 0.7239584765625 0.5749479109375 0.7715360828125 0.5816610078125 0.7787403296875001 0.6202743 0.8738143562499999 0.6421341218750001 0.8996055000000001
9 0.39967106874999997 0.7280184734375 0.38360718125000004 0.7306011671875 0.38816290625 0.7156683328125 0.41013651875 0.69494189375 0.42596106406249995 0.672280471875 0.3192963703125 0.684905015625 0.292164434375 0.534524796875 0.259402328125 0.52385155 0.2351726 0.523500928125 0.196119190625 0.5690396765625 0.19473674531250001 0.583879984375 0.180209303125 0.6265892890625 0.1729740296875 0.6363145453125 0.150915075 0.6919291734375 0.14233920625000002 0.7386935046875001 0.1205764890625 0.7911280671875 0.110477578125 0.8315939562500001 0.1524632828125 0.845169678125 0.33015188281249996 0.8854455359375001 0.44396650624999995 0.8979839203125 0.472736915625 0.928859271875 0.48523254062500004 0.9306091921874999 0.5064864828125 0.9289323015625 0.5141451890625001 0.9033375609375 0.5290257656249999 0.8341893984375 0.539040975 0.74932596875 0.5379413625 0.7271580421875 0.4814148109375 0.7224634609375 0.44889205 0.7318689390625 0.39967106874999997 0.7280184734375
9 0.7254931124999999 0.5602484249999999 0.8032093828125 0.4537782390625 0.75919815625 0.42485750468749994 0.735390646875 0.38930683125 0.6892815046874999 0.43142683281250005 0.6131989515625 0.48801266718749997 0.5626576937500001 0.5453639406249999 0.485446615625 0.614064309375 0.43575175625 0.6623296796875 0.377897996875 0.7334860109375 0.40084103750000005 0.7297966031249999 0.42501267187499997 0.7290917765625 0.4597594015625 0.7280785875 0.49851504531249996 0.7163770781250001 0.515656309375 0.726448675 0.544360128125 0.72561169375 0.5565870109375 0.7237449625 0.56855094375 0.7279267140625 0.587365821875 0.7168066625 0.5875068875 0.7152923437500001 0.6000159015625 0.71039698125 0.63301076875 0.6958430453125 0.6449965171875001 0.6803915140625 0.688125203125 0.6217461828124999 0.7254931124999999 0.5602484249999999
9 0.10397034375 0.312599059375 0.0871844953125 0.4927921125 0.359555909375 0.5422250140625 0.41214923125 0.543711840625 0.46828727499999995 0.5556667265625 0.4775746984375 0.520661234375 0.44381543125 0.5110742046875 0.46452434531250003 0.4666744484375 0.48712618281250003 0.4343011234375 0.50848135 0.350617234375 0.2130250625 0.319967228125 0.10397034375 0.312599059375
9 0.199942084375 0.5574506578125 0.2364225984375 0.5216522343750001 0.12533146875 0.5010432578125 0.1027755765625 0.664488 0.160135059375 0.661305234375 0.18221363125 0.6183757437499999 0.1937171109375 0.575754615625 0.199942084375 0.5574506578125
9 0.80500224375 0.450705553125 0.83515771875 0.41811197031249997 0.841167765625 0.41632170625000003 0.84845114375 0.3381359484375 0.8309715890625 0.3336626421875 0.57116749375 0.3246260984375 0.4488977546875 0.5079056 0.461662028125 0.51357421875 0.48045508750000004 0.522087446875 0.5001946125 0.5366138921875 0.5036163375 0.5969222546874999 0.7323691921875 0.389394934375 0.7555123703125 0.415903759375 0.80500224375 0.450705553125
9 0.6693876921874999 0.256823321875 0.7240560046875 0.252208828125 0.849826690625 0.3233696953125 0.8604842421875001 0.2089628046875 0.645084690625 0.032511665625000005 0.5935559734375 0.10046315624999999 0.5492987625 0.171223021875 0.554736409375 0.193717515625 0.5403935359375 0.21829900000000002 0.5125541859375 0.2583760640625 0.5467776484375 0.24680670781249997 0.5884727515625 0.26824396093749997 0.614155115625 0.2674950828125 0.6693876921874999 0.256823321875
9 0.49387441875000004 0.42655333281249996 0.5666353140625 0.324758253125 0.8484003296875 0.338681425 0.8498205671875001 0.32343543750000003 0.7285881875 0.2520766734375 0.5940924640625 0.27261070625 0.5481473109375 0.24827697343750002 0.5155756421875 0.258287959375 0.553084615625 0.1952758859375 0.5399522640625001 0.174515965625 0.3793509796875 0.200341828125 0.4192483734375 0.33811716718749996 0.5102742109375 0.3475445484375 0.49387441875000004 0.42655333281249996
9 0.13454958125 0 0.1145102203125 0.24732967499999997 0.23994087187500002 0.2089375328125 0.2636893125 0.21277565625 0.41605455625000004 0.1298022203125 0.43478854375 0.1066028984375 0.42383125312500003 0.094840778125 0.44407596875 0.0715974046875 0.454450921875 0.041090812500000004 0.46706284218749994 0 0.13454958125 0
9 0.7857108375 0 0.740642709375 0.041806893750000004 0.6618847515625 0.0138993484375 0.86135465 0.199619146875 0.8799501296875001 0 0.7857108375 0
9 0.5947914984375 0 0.488410325 0.080876071875 0.4380921296875 0.1034861625 0.42100993593749997 0.1251271140625 0.38608114375 0.144268053125 0.3309486359375 0.17003893125 0.30608974375 0.22664132499999998 0.30203983125 0.2539430796875 0.30969353437499997 0.2688219375 0.335617034375 0.2816578578125 0.35360469375000003 0.28264355625 0.411735734375 0.321723990625 0.379492046875 0.1988275109375 0.546136240625 0.1728254421875 0.6453668234375 0.029483031250000003 0.86041420625 0.20971462187499998 0.860465690625 0.2091619515625 0.6590043671875 0.0124731328125 0.739273046875 0.0403366296875 0.7735375062500001 0.012153839062500001 0.772026778125 0.012197890625 0.77497555 0 0.5947914984375 0