3 0.32375065468750003 0.44131634531249997 0.2827783765625 0.43136403906250004 0.250057203125 0.4288873390625 0.23946629531250002 0.424500425 0.2188737234375 0.4256218328125 0.195834915625 0.43592949531249997 0.15618746562500002 0.4373835078125 0.152323271875 0.4404988078125 0.1490749296875 0.4519849515625 0.17545906875 0.4682876 0.19475727812500002 0.4976673 0.2142683546875 0.5148518796875 0.33318795625000003 0.5554460515625 0.353767225 0.5550868390625 0.36374228125 0.5511029109375001 0.3753481625 0.5409948109375 0.3886513875 0.5209515671875 0.393503946875 0.50486564375 0.39388976875 0.48276198593749997 0.37372292812499996 0.45949314843750005 0.32375065468750003 0.44131634531249997
3 0.6058615671875 0.34343260781249996 0.5927446 0.352805121875 0.5869302843749999 0.3803372734375 0.6060555421875 0.4196255125 0.621113184375 0.4300301609375 0.6267584046875 0.4558383609375 0.6312251421874999 0.46185609687499996 0.638058290625 0.46326075 0.6495710421875 0.4584880171875 0.6550394500000001 0.4507729375 0.6509984453125 0.4203649578125 0.652279503125 0.39062604375 0.640456896875 0.36949744687499997 0.633929746875 0.35056230625 0.6218809703125 0.342391025 0.6058615671875 0.34343260781249996
3 0.5651098703125 0.408148815625 0.559029471875 0.450924871875 0.5641785796875001 0.46150247499999997 0.577685225 0.47345812187499997 0.583516703125 0.488595590625 0.591794415625 0.4945468046875 0.602505059375 0.4920739625 0.6064623828125 0.48362329531250003 0.6067645203125 0.42266098906250005 0.591436934375 0.384068425 0.5823970265625 0.3781305140625 0.5702019046875 0.37834338125 0.5655356046875 0.383758571875 0.5651098703125 0.408148815625
3 0.585014484375 0.490093371875 0.5799718109375 0.473418209375 0.5597118421875 0.45548473906250003 0.5564235875 0.46925746718749994 0.56194906875 0.5019254234375 0.55891745 0.5446482625 0.5693354015625001 0.5589437125 0.571289384375 0.577958678125 0.578069315625 0.5824121109375 0.584929071875 0.5822923734375001 0.59265745625 0.5760617703124999 0.5900477125 0.5509625484375 0.5940449453125 0.540225296875 0.6041530453124999 0.5286194156249999 0.6067456265625 0.511049015625 0.596340978125 0.4959913703125 0.585014484375 0.490093371875
3 0.6518975390625 0.45616151875 0.6434468734375 0.46011884218750004 0.6343271390624999 0.45875410156249996 0.6192694953125 0.44834945312499996 0.6141774609375 0.4781548875 0.6145538359375 0.500245240625 0.6182982921875 0.503989696875 0.622605378125 0.5191537734375 0.630160809375 0.5228317078125 0.6458742140625 0.5393206125 0.6508902796875 0.5575201671875 0.659114778125 0.5665201609375 0.6690366171875 0.5655850140625 0.67604271875 0.5570811296875 0.6747045875000001 0.5464370062499999 0.6702644578125 0.5388948796874999 0.6780688109375 0.4846592890625 0.6764607375 0.44582724999999995 0.65665696875 0.4454109625 0.6518975390625 0.45616151875
3 0.4100765359375 0.559437696875 0.3877866171875 0.57049425 0.3784806265625 0.579800240625 0.3570327296875 0.58627031875 0.340813765625 0.598744828125 0.3255831671875 0.598248715625 0.3230970203125 0.60972155625 0.3274174109375 0.6241234375 0.379419634375 0.6133102187499999 0.43352218281250005 0.61312781875 0.44347063125 0.610668278125 0.4399523484375 0.5939665062499999 0.44414914375 0.5717963265625 0.44053773124999995 0.5604299203124999 0.436017778125 0.557460965625 0.4100765359375 0.559437696875
3 0.22718575937500002 0.5169122953125 0.215726225 0.518636246875 0.2148842046875 0.5232227218750001 0.22147787812500003 0.5383468859375 0.2490404984375 0.5744399984374999 0.26141243125 0.6077504125 0.269716753125 0.6121772375 0.3031735140625 0.6161650265625 0.32212195781249997 0.6219299828125 0.3267217375 0.6203257671875 0.3240986890625 0.595988740625 0.3401047875 0.595709353125 0.3470177609375 0.592540834375 0.345599803125 0.58646988125 0.3366397203125 0.5759588 0.29985093281249997 0.544598509375 0.22718575937500002 0.5169122953125
3 0.37900720468750004 0.6369382671875 0.3896247203125 0.6398007906250001 0.39109589375 0.6428229609375 0.3987843640625 0.6388789453125 0.406645790625 0.625026390625 0.406725615625 0.6204532203124999 0.3976990125 0.6137531140625 0.3756086578125 0.6133767390625 0.347314309375 0.6192043593750001 0.371504990625 0.630211553125 0.37900720468750004 0.6369382671875
3 0.6991858343749999 0.3661864390625 0.6794884984375 0.35967259375 0.66268029375 0.36225186875 0.64572574375 0.3732152921875 0.650741809375 0.391414846875 0.6494740546875 0.420391565625 0.6558282531249999 0.4492352421875 0.6830544093750001 0.46095141406250006 0.690986215625 0.486719703125 0.7126508375 0.5114863203125 0.7271591515625 0.5097091515625001 0.73568964375 0.5011786593750001 0.7351669234375 0.4874724515625 0.729295534375 0.47462156718750004 0.7373964359375 0.44704950156249995 0.7362046484375 0.42802123124999997 0.7051769625000001 0.3721775671875 0.6991858343749999 0.3661864390625
3 0.7343781203125 0.489010146875 0.732587646875 0.50428065625 0.72566136875 0.5082113703125 0.7134795515625 0.5076620421875 0.703810490625 0.49411548281249995 0.7009479671875 0.48349796874999995 0.6864928703125 0.4822263578125 0.6758659078125 0.523557846875 0.6856014906250001 0.53329343125 0.698452375 0.5391648203125 0.7075854109375 0.539767365625 0.7211186656249999 0.550198621875 0.7329146625 0.572851609375 0.7404567890625 0.5772917390625001 0.751929628125 0.574805590625 0.7567023609375 0.5632928390624999 0.7471530375000001 0.542886525 0.7510000671875 0.4971016 0.7415172640625001 0.4728843109375 0.7325837890625 0.4608488390625 0.727784446875 0.47388598125000003 0.7343781203125 0.489010146875
3 0.242940809375 0.400056965625 0.22159934531249997 0.40042948125000005 0.213082159375 0.4081977796875 0.2129358125 0.41658192656250004 0.21737594218749998 0.424124053125 0.22646906718749998 0.4270131828125 0.2379152984375 0.426051425 0.240068840625 0.43363346406250003 0.24609988125 0.4373380046875 0.2796497703125 0.43599042656250003 0.33583934375 0.447201040625 0.361514503125 0.4604682109375 0.4001735875 0.4719848203125 0.42081937500000005 0.4678146328125 0.41201894375 0.448157209375 0.3786819203125 0.43730966562500007 0.3568177375 0.423975975 0.31735654375 0.41475925468749997 0.29390145 0.405263146875 0.2672246203125 0.4057287921875 0.242940809375 0.400056965625