10 0.13843376875 0.5586835796875 0.1311783234375 0.5506070234375 0.12633023593749998 0.5302321203125 0.08583007499999999 0.5303825015625 0.034695665625 0.496171140625 0.043416803125 0.6208892125000001 0.055314232812499996 0.6209115093750001 0.08440961875 0.622145115625 0.10568250312500001 0.6066426484375 0.1318443015625 0.58837435625 0.146905559375 0.5907011828125001 0.15065232343749999 0.585825171875 0.1426245203125 0.578985790625 0.1573734953125 0.577310328125 0.14688887343749998 0.568215384375 0.13843376875 0.5586835796875
10 0.37282439218749996 0.62560356875 0.5047445421875 0.7030146312500001 0.543568284375 0.6841626671875 0.5595496921875001 0.6760105609375 0.5094516875 0.611615471875 0.4429944375 0.567233971875 0.3512788546875 0.5081560390625001 0.3524785125 0.5096112875000001 0.3493643515625 0.5072830328125 0.334640109375 0.516235453125 0.339266203125 0.52402124375 0.3346982125 0.568484003125 0.3459224171875 0.5842736609375 0.37282439218749996 0.62560356875
10 0.339151184375 0.5253311109375 0.3345825984375 0.5168903828125 0.3325036109375 0.5027733328124999 0.3320515796875 0.49280395625000006 0.32814033125000003 0.48443592031250005 0.3106303 0.46464468906249995 0.3032926125 0.449946109375 0.3115912765625 0.4310250265625 0.35060363906249997 0.379790575 0.3441205484375 0.37047684531249997 0.3237350375 0.3834322671875 0.289767428125 0.4074502921875 0.2526856625 0.42914006093749996 0.255896946875 0.4395405296875 0.2529651640625 0.4410742390625 0.24181515625 0.4471154484375 0.23878323906249999 0.451409215625 0.2477398375 0.485464309375 0.338518578125 0.5325353734375 0.339151184375 0.5253311109375
10 0.22200355 0.34771456562499997 0.20522505156249998 0.34982689218749996 0.17666394218749998 0.3651846890625 0.15753559687500002 0.3789404265625 0.14735520468750002 0.389056615625 0.14977924843749998 0.3992440671875 0.1561225859375 0.40259070937499997 0.1511433890625 0.413943359375 0.1421954328125 0.4175829078125 0.1315302359375 0.4256616078125 0.1292954046875 0.4359951578125 0.14640287031250002 0.4603709203125 0.1694591515625 0.477469015625 0.1807489109375 0.47739489687500003 0.18900675 0.48161454531250003 0.20527570781249999 0.47018777500000003 0.2279782890625 0.453520825 0.25642438125 0.4394728953125 0.25674470625 0.428266340625 0.29262681874999996 0.4051213234375 0.3215904953125 0.38517899375 0.3406038234375 0.37273312187499996 0.349806546875 0.3737507953125 0.3495920078125 0.3740944578125 0.3580971671875 0.37003855625000004 0.30841037031249996 0.3387535765625 0.28735083437500003 0.32915051093750003 0.2475902515625 0.33599560624999997 0.22200355 0.34771456562499997
10 0.183754015625 0.3600272875 0.182751025 0.3109807078125 0.1669254609375 0.29468221250000004 0.16476422968749999 0.273943140625 0.1736627234375 0.25574968125 0.196907621875 0.240465290625 0.20154980781249998 0.2178333953125 0.0573381 0.1972568484375 0.0384511078125 0.4047878671875 0.09452118281250001 0.41628884218750006 0.13378890937500001 0.42261509999999997 0.1499428484375 0.412498196875 0.1534348421875 0.402964965625 0.14580960625 0.3915410546875 0.15307309687499998 0.3844087640625 0.183754015625 0.3600272875
10 0.2185020265625 0.3195632421875 0.1901054 0.348165084375 0.198363240625 0.3523847328125 0.216029115625 0.34772536718749997 0.247646875 0.335350759375 0.2712862984375 0.33069067812499997 0.295065471875 0.3319976875 0.31218098125 0.3411646078125 0.3579812625 0.3713585078125 0.38952482499999996 0.3371530328125 0.4405584828125 0.3077480203125 0.49291485625 0.2632795453125 0.40291711093749993 0.252665946875 0.390386871875 0.27442555 0.3765994703125 0.2953848375 0.331801584375 0.26133403125 0.29857296093749996 0.23914328125 0.2696259703125 0.281571409375 0.2185020265625 0.3195632421875
10 0.332406328125 0.511368771875 0.3422169296875 0.49790522656249997 0.3694219453125 0.45263929375 0.388361075 0.41836255624999996 0.39844253749999997 0.3791385453125 0.41191765937499997 0.35417696875 0.435704878125 0.34027513125 0.424217859375 0.335037096875 0.40966614375 0.342024715625 0.394522646875 0.33307587031249997 0.383627409375 0.34377430000000003 0.3661835296875 0.3610227765625 0.327458715625 0.40898256093749996 0.30305557968749997 0.4525744609375 0.3113381515625 0.4640710640625 0.33064766562500003 0.4860451671875 0.332406328125 0.511368771875
10 0.3575329546875 0.504889275 0.40210884843750005 0.5263509734375 0.4138178609375 0.5441781203125 0.4357641765625 0.498330659375 0.4508248375 0.4477539984375 0.48077422187499996 0.40146896249999997 0.48049471875 0.389534784375 0.49245790625 0.35911566875 0.48829188749999997 0.3460904125 0.4798534734375 0.35904440625 0.47364988593749996 0.361664853125 0.4222050234375 0.35795975625 0.428408609375 0.355339309375 0.4230348890625 0.35606764687500003 0.4070534796875 0.36421975156249997 0.39483552187500004 0.3899816453125 0.3785752078125 0.43910305781250003 0.362717459375 0.4836399375 0.3575329546875 0.504889275
10 0.5799273625 0.61015706875 0.6023999078125 0.59610985 0.62159380625 0.566490334375 0.6278876796875 0.5552830671875 0.6015119328125 0.5457534046875 0.5690723531249999 0.5448112796875 0.4394865546875 0.539077978125 0.4176466171875 0.5459209296875 0.44430186562499996 0.567384771875 0.470644834375 0.5848463203125001 0.502558784375 0.6068916859375 0.5122135437499999 0.6178787390625 0.5307915249999999 0.6179492875 0.5619739421875 0.6180911 0.5799273625 0.61015706875
10 0.641183421875 0.6533021031249999 0.6653893 0.6043980515625 0.6382164625 0.5888286109374999 0.6432284390625 0.569544071875 0.6249955140625 0.5655439234374999 0.5988256703125 0.5990210609375 0.56060175625 0.6186006500000001 0.5147853859375 0.6188244375 0.549830178125 0.66568385625 0.5541112187499999 0.6773992484375 0.545540578125 0.6861667625 0.5524187078125 0.6891153531249999 0.5789416562499999 0.636499771875 0.628603721875 0.6605077984375 0.635382403125 0.6513380203125 0.641183421875 0.6533021031249999
10 0.7963150984375 0.670457175 0.813857909375 0.682316521875 0.8383519265625001 0.6830412875 0.853856575 0.6576428515625 0.8712590359375 0.6106316203125 0.876443540625 0.58938228125 0.8417277109375 0.5690109484375 0.7950400531249999 0.5413640890625 0.772181034375 0.5295781515625 0.7515407515625 0.5378763515625 0.723842284375 0.543410153125 0.715108278125 0.57484765625 0.690466459375 0.58336464375 0.673523478125 0.5722329234375 0.6600397124999999 0.559499859375 0.6423410640625 0.5720911125 0.641330621875 0.591156865625 0.669390834375 0.6041792640625 0.6913049671875 0.6191671765625 0.6972457390625 0.627098353125 0.7116496546875 0.629352484375 0.725363459375 0.6394658171875001 0.7481649703125 0.651906690625 0.7622238296875 0.6580904249999999 0.7813688625 0.6668204828125 0.7963150984375 0.670457175
10 0.531225678125 0.49962589375000005 0.5898029218749999 0.5279262578125 0.6312646562500001 0.5470596999999999 0.65385221875 0.5317026171875 0.674311328125 0.4876745734375 0.69034160625 0.44117289375 0.678090275 0.4219631875 0.687054321875 0.387905953125 0.6885656640625 0.34046000468750004 0.697981740625 0.3163721453125 0.6412367578125 0.28232276562499997 0.610226871875 0.28021615781250003 0.6051901640625 0.292223740625 0.5891679296875 0.3235165765625 0.577122503125 0.3473136703125 0.5174031125 0.3169031265625 0.506023065625 0.32556406718750003 0.4932627890625 0.34994340468749996 0.49397763906250003 0.34936116093749997 0.490337846875 0.36813615 0.48106151875 0.39819109531249997 0.47030603437499996 0.41485661562500004 0.45522064375 0.45815632031250003 0.4670774515625 0.4667417125 0.531225678125 0.49962589375000005
10 0.687639253125 0.5248582359375 0.7115254 0.540064225 0.7369067953124999 0.53824195 0.7871025375 0.5259378875 0.8564760921874999 0.5144319984375 0.8672315749999999 0.49776647812499997 0.8487271953125 0.4666233078125 0.829894440625 0.46189553906249997 0.8100098296875 0.446470765625 0.8216199156249999 0.435190090625 0.7625739515625 0.37443455000000003 0.713495028125 0.3286683515625 0.6921974078125 0.33689386093749996 0.6901023296875 0.3531944984375 0.6890591125000001 0.3801921390625 0.6765455625000001 0.4244375390625 0.6923711296875 0.44073603281249996 0.6782058906249999 0.4735568109375 0.6664974734375 0.5086331484375 0.687639253125 0.5248582359375
10 1 0.5245721046875 0.9471800390625 0.48676871093749996 0.8670089875 0.4322738796875 0.7336671875 0.340818459375 0.7676601234375 0.37698087812500003 0.82258953125 0.43926507187499997 0.8132390078125 0.447489153125 0.8269528125000001 0.457602484375 0.8492695124999999 0.4680058671875 0.8655718453125001 0.5015506953125 0.8551039046875 0.51494155 0.8192873484375 0.5222227921875 0.77881191875 0.5296501265625 0.8763860296875 0.5900372140625 0.8702238640625 0.622420415625 0.8625825390624999 0.641414190625 0.8630673468750001 0.64345168125 0.881127740625 0.6494166265625 0.8865509250000001 0.6632422 0.8949565640625 0.6582200921875 0.8991800921875001 0.6705904171875 0.9072406703125001 0.6694979078125 0.90740515625 0.6827419531250001 0.91683791875 0.6811398953125 0.9360318218750001 0.6515203796875 0.9637550218750001 0.6532635328125 0.9765152968749999 0.628884196875 0.9990119749999999 0.5692104515625 1 0.560948640625 1 0.5245721046875