0 0.79388250625 0.22969474843749998 0.6581685125 0.1956903 0.6218443765624999 0.274183565625 0.6180985140625 0.30031970625 0.6295394703125 0.31114949531249997 0.743381228125 0.366748346875 0.786153459375 0.374280084375 0.7933061796875001 0.369701746875 0.813043975 0.2886452453125 0.79846735 0.277029784375 0.7952299968750001 0.2316250046875 0.79388250625 0.22969474843749998
7 0.4126697390625 0.3284790265625 0.36225325625 0.3062909125 0.332659315625 0.28613483125 0.29943817500000003 0.2459583609375 0.287285340625 0.217431278125 0.28079365625 0.21739735312500003 0.27121714531249996 0.238887309375 0.2194361953125 0.3055445734375 0.20936815156250002 0.30779981562500003 0.1955288234375 0.325036425 0.15907877343750002 0.3413855859375 0.0983315015625 0.4026109921875 0.09904338124999999 0.42030828593749997 0.117687896875 0.44886929374999995 0.1383409375 0.474748296875 0.1490954375 0.47903556875 0.1607821578125 0.49948271406250005 0.193977878125 0.52850440625 0.21636825937499998 0.530929275 0.235817890625 0.5198762703125 0.291005696875 0.47477681250000003 0.325837071875 0.4357252609375 0.35155804375 0.426243603125 0.37612645 0.40213949062500004 0.3816350703125 0.3637039890625 0.4126697390625 0.3284790265625
7 0.21307997812499999 0.7578513921875001 0.19184216406250001 0.77004898125 0.1856470875 0.801941965625 0.200417084375 0.8359026921874999 0.3769919515625 0.8801452265625 0.381456953125 0.8748934578125 0.418373115625 0.8666242328125 0.4396109265625 0.8544266453124999 0.44423816875 0.8221408234375 0.42466143125 0.77741994375 0.40579656875000003 0.75039635625 0.2869123015625 0.7413129406250001 0.243284109375 0.7510856640625 0.23904671562500002 0.757987090625 0.21307997812499999 0.7578513921875001
0 0.2685051046875 0.6204388828125 0.24770798125 0.6295616296875 0.2249277546875 0.65252115625 0.22008016718749998 0.6863443984375001 0.2308855109375 0.7129412234375 0.22397855937500002 0.7271369171875001 0.2264786125 0.7436896265625 0.24548755625 0.7357114625000001 0.273267896875 0.7458573546875 0.31667574374999996 0.7376220531250001 0.46521332343750005 0.5964650609375 0.39632182656250003 0.52186896875 0.3790756421875 0.5175477703125 0.292166709375 0.591329675 0.2685051046875 0.6204388828125
0 0.365498971875 0.748262553125 0.42794118281250004 0.743203865625 0.45182313125 0.7125572375 0.49856157031250004 0.6924154140625001 0.49534963750000005 0.6581654109375 0.4692557953125 0.6022558296875 0.46097592968749995 0.6033664890625 0.36380403125 0.692095834375 0.365498971875 0.748262553125
0 0.5773601421875 0.5958971953125001 0.5507069484375 0.5892189796875 0.51729088125 0.56173470625 0.5045278578125 0.5601294390625 0.5009514984375001 0.56241860625 0.50007011875 0.5685682875 0.512028028125 0.6097875640625 0.5216808015625001 0.621761940625 0.526409728125 0.6340952234375 0.5416728109375 0.6522532015625 0.5510798203125 0.65461021875 0.5739108875000001 0.6539602453125 0.5942673218750001 0.6479123390625 0.603428565625 0.640652 0.6029370328125 0.6214172859375 0.5948520921875 0.6098357484375 0.5843179375 0.60401105625 0.5773601421875 0.5958971953125001
3 0.598301346875 0.551772696875 0.527799615625 0.556404625 0.5190790625 0.5605901234374999 0.5258165124999999 0.5702414046875 0.5507069484375 0.5892189796875 0.5820636453125 0.597075703125 0.5999962875 0.607939415625 0.625081646875 0.614224796875 0.6349293453125 0.6135069718749999 0.6577349921875 0.601702221875 0.66934545 0.5886850390625 0.6791423078125 0.5656576609374999 0.67997284375 0.537198428125 0.670565834375 0.534841409375 0.598301346875 0.551772696875
8 0.5936233468750001 0.267112515625 0.5560207312500001 0.2688392234375 0.5236385718750001 0.30213392968749997 0.481383290625 0.324991684375 0.4597556296875 0.3625736640625 0.41644946875000005 0.41542807187499997 0.4128985296875 0.428872015625 0.417873221875 0.45082265781249997 0.47762045156250005 0.4419034578125 0.5791822734375 0.4132013453125 0.619352765625 0.359561265625 0.6546756703125001 0.339744428125 0.6548705953125 0.3270522296875 0.6185646265625 0.3083996421875 0.62162403125 0.2757209859375 0.5936233468750001 0.267112515625
8 0.5486476671875 0.27495497812499997 0.5624615703125 0.2465635953125 0.5677498484375 0.20966551249999998 0.5612785140625001 0.1714135765625 0.29798938124999996 0.1054439484375 0.28240389062500004 0.1381693328125 0.277556303125 0.17199257343750002 0.2864039625 0.2235809578125 0.3252608328125 0.281095809375 0.38175373281249997 0.3175474640625 0.42565311093749997 0.328546875 0.456543696875 0.3283236609375 0.48831566562499995 0.32195076875 0.52542675 0.300989346875 0.5486476671875 0.27495497812499997
8 0.2156818875 0.22975030468750002 0.22442786250000002 0.23671958124999998 0.2296229 0.25713280312500003 0.2399367109375 0.2644949171875 0.2531404234375 0.2630253453125 0.28236149374999997 0.217790190625 0.277556303125 0.17199257343750002 0.28196319999999997 0.1412441734375 0.296182015625 0.10499109531249999 0.0742462703125 0.0493829546875 0.06260063593750001 0.130638453125 0.2156818875 0.22975030468750002
8 0.049787992187500005 0.2200365828125 0.0447000296875 0.255537009375 0.072034290625 0.2574631984375 0.16475689531249998 0.2791031125 0.22678383906250002 0.28827404218749997 0.23864006249999997 0.2848742140625 0.245987703125 0.26760368125 0.23253822500000002 0.2594558953125 0.22173288281249998 0.23285907031250003 0.19213894375 0.21270298593749998 0.1719774328125 0.2060586953125 0.16097716875 0.19215406562499998 0.062492353125 0.13139399062499998 0.049787992187500005 0.2200365828125
8 1 0.3100301640625 0.9525558640625 0.3124528859375 0.9170126140624999 0.33380714375 0.9065293000000001 0.350292003125 0.89928334375 0.4121816421875 0.9159955984374999 0.47688898281250003 0.9415979109375 0.5135638515625 0.9799124046875001 0.5295344359375 1 0.5295035171875 1 0.3100301640625
8 0.9040207140625001 0.5264453375 0.897723953125 0.5137192171875 0.8867491078124999 0.5109693640625 0.839764903125 0.52149383125 0.8232305953125 0.534869928125 0.81767113125 0.550995875 0.876892878125 0.7043932296875 0.8919356140625 0.7240886265625 0.9141056484375 0.7280509125 0.955945659375 0.719422775 0.9843361921874999 0.7026468546875 0.9887685093749999 0.6830532296875 0.9381486562499999 0.5716269031250001 0.93204681875 0.546208584375 0.9165633937500001 0.5295880265624999 0.9040207140625001 0.5264453375
8 0.6590824828125 0.6036324765625001 0.6694217140625 0.6221493687499999 0.735813153125 0.6801927531249999 0.7808651 0.7058146187500001 0.814230321875 0.7109893359375 0.8232220640625 0.72757596875 0.83978179375 0.7253546515625 0.8475955453124999 0.71616405625 0.85437539375 0.6461944796875 0.8077725921875001 0.5294041453125 0.777517615625 0.513860321875 0.680413534375 0.5341235875 0.677354128125 0.5668022453125 0.6590824828125 0.6036324765625001
8 0.964022196875 1 0.9645305343749999 0.9994876609375 0.974409328125 0.9305599953125 0.971810403125 0.9033649828125 0.9579202328124999 0.8982920390625001 0.901503596875 0.8953047125 0.8542227812500001 0.873902271875 0.83117136875 0.8760896671875 0.771941090625 0.9153983546875001 0.7587373765625001 0.9168679281250001 0.766212125 0.9553712781250001 0.787659303125 0.9830418890624999 0.8553402406249999 1 0.964022196875 1
10 0.097229778125 0.41029809375 0.066534115625 0.397829109375 0.09041597968750001 0.6618189343750001 0.1003653640625 0.7057202171875 0.1424850078125 0.8197946234375 0.150764871875 0.8186839625 0.15384969843750002 0.7971600828125001 0.1978677375 0.76200296875 0.2065374484375 0.7355079156250001 0.18960485 0.6723379953124999 0.1580871796875 0.49562220312500005 0.11117079062499999 0.43768059062500003 0.097229778125 0.41029809375