10 0.6310296734375 0.58348026875 0.6728209828125 0.581239659375 0.692629084375 0.5933352171874999 0.7705615296875 0.585797553125 0.9428882812499999 0.4988728328125 0.9733455781250001 0.4290725609375 0.8577433718749999 0.31615263125 0.8139707859374999 0.2931641734375 0.79588396875 0.295113703125 0.7433773 0.316405375 0.5832596999999999 0.3885381390625 0.5742981234375 0.42303228437499996 0.5833270328125 0.51143168125 0.589692184375 0.54524406875 0.6169367421875 0.5772371515625 0.6310296734375 0.58348026875
10 0.8845399468749999 0.688866390625 0.9121071593750001 0.6147419000000001 0.8924615515625 0.60963633125 0.858235528125 0.577317684375 0.8178080124999999 0.57822540625 0.6217431062500001 0.603994440625 0.617716721875 0.6107890890625 0.656716609375 0.668467028125 0.717732203125 0.7132067953125001 0.7401053984375 0.7156465984375 0.8735645921874999 0.696733471875 0.8845399468749999 0.688866390625
10 0.440256278125 0.5368790031249999 0.466688359375 0.5339221546874999 0.540755746875 0.4801203546875 0.541923378125 0.41035071093750003 0.53468191875 0.39884116875000003 0.46233348124999996 0.3465905109375 0.44233038437500005 0.32610696875 0.360467884375 0.2845845 0.34669994375 0.29232135625 0.34595363125 0.3202161921875 0.33656956718750003 0.33653636875 0.33903833125 0.38273539375 0.4210319953125 0.48989862500000003 0.42583835781249996 0.5166559140625 0.4359699015625 0.5324896734375 0.440256278125 0.5368790031249999
10 0.3382920171875 0.41063022812499994 0.3379670265625 0.39665025468750004 0.3067935828125 0.37564580937500003 0.28532919375 0.3523011609375 0.1418672859375 0.30092374375 0.11679900000000001 0.3025477078125 0.0574408578125 0.3291058046875 0.0534144734375 0.33590045156250004 0.03529515625 0.336451984375 0.0020392203125000003 0.35051221093749996 0.0029343 0.504363434375 0.0034222359374999995 0.5253526875000001 0.0303634671875 0.5442978 0.05559425 0.5496638203125 0.0853389 0.5692051546875 0.10206192343750001 0.5685885093749999 0.1379430671875 0.5521074765625 0.28403273281249997 0.4765275875 0.2936117921875 0.4685953921875 0.304099659375 0.4397583515625 0.3382920171875 0.41063022812499994
10 0.2272017265625 0.5059143453125 0.1736808984375 0.5329910890625 0.1291375625 0.5580220953125 0.0949658890625 0.5703933984375 0.075100575 0.5628953484375 0.054337442187499994 0.5520695921875001 0.034510357812499996 0.54621624375 0.0033834734375000003 0.5236852890625 0.004794367187500001 0.5843770140625 0.012544906250000001 0.5895507734375001 0.0797425984375 0.5861126953125 0.1335693 0.5721935765625 0.17828469062500002 0.55456373125 0.219752921875 0.5384253859375 0.28448587812500004 0.49954959375 0.31346181562500003 0.47543556249999996 0.31095884687500003 0.4383531453125 0.298944484375 0.45093624375 0.29038757187500003 0.47107371093749995 0.2701597171875 0.48327379375 0.2272017265625 0.5059143453125
10 0.18553351875 0.2219640671875 0.00124135 0.213370046875 0.00203975 0.3506031921875 0.036168053125 0.335178353125 0.0500927546875 0.33418477812499997 0.055670145312499995 0.327051728125 0.0792598625 0.3182942578125 0.1125146015625 0.30177289531249996 0.12890335 0.3008942265625 0.1544034078125 0.3037262765625 0.16357138124999998 0.2745812484375 0.1728922921875 0.252015028125 0.18553351875 0.2219640671875
10 0.405683696875 0.5602391765625 0.3936700203125 0.6081450796875 0.38392990781249997 0.6832651859375 0.4176434578125 0.6864802546875 0.4234495640625 0.6538926125 0.44159434218750004 0.587379040625 0.453092540625 0.552592453125 0.46737978125 0.531900746875 0.424937265625 0.5414219828125 0.405683696875 0.5602391765625
8 0.35667483125 0.60140899375 0.3669845359375 0.594907353125 0.365052009375 0.5717752843749999 0.3660583109375 0.555064428125 0.3613981953125 0.5345981296875 0.313972965625 0.5344812906249999 0.261157553125 0.5424919859374999 0.2313809859375 0.5515770421874999 0.2439157125 0.5807894453125 0.25565479375 0.6057753015625 0.27888863124999996 0.6152376453125 0.336509821875 0.6039598515625 0.35667483125 0.60140899375
8 0.2013119265625 0.5480801203125 0.185368296875 0.5522243140625 0.12937089531249998 0.5733532015625 0.0926778578125 0.5849086890625 0.07131155 0.5957824171875 0.065288221875 0.6066733890625 0.08530756874999999 0.6278559296874999 0.103816875 0.644080365625 0.143367496875 0.6354511015625001 0.2050313203125 0.61807765625 0.22155935000000002 0.609073028125 0.2171104765625 0.5976937125 0.21532419374999998 0.58085263125 0.21098906718750002 0.5743663031249999 0.2122228671875 0.56744143125 0.20986843125000001 0.5561597828125 0.2013119265625 0.5480801203125
8 0.9674359953125 0.4448565234375 0.9519473546875 0.46857267968749994 0.9448689734375 0.4940775109375 0.9298022359375 0.505943246875 0.90363015 0.5200840734375001 0.874665478125 0.5340946765625 0.8628138140624999 0.564264603125 0.8659313921875 0.5783748015625 0.8859507390625 0.5995573421875 0.9160517125000001 0.574427875 0.9503409843749999 0.5194693578125 0.9725673515625 0.48559378437499995 0.9826008140625 0.4672091671875 0.976171246875 0.46062517031250005 0.9815614265624999 0.45249763749999994 0.9674359953125 0.4448565234375
8 1 0.51835030625 0.976935559375 0.5235024953125 0.9527929140625 0.534944996875 0.9442044953125001 0.5554917234375 0.9339922843749999 0.5661873578125001 0.9175292546874999 0.57798798125 0.9066513984375 0.590049053125 0.9035831515625 0.6080602374999999 0.9127565578124999 0.6126774625 0.9103214609375 0.6279252078125 0.916962271875 0.6435961859375 0.9422742984375001 0.6524572015625 0.9605236125 0.6574976578125 0.983399959375 0.65158203125 1 0.639566984375 1 0.51835030625
10 1 0.43568010937499996 0.9983699937500001 0.365562921875 0.9721750265625 0.34872027031249997 0.956653303125 0.34101404375 0.9199115171875001 0.35047253437500003 0.89206689375 0.35266527187499996 0.9219902921875001 0.379895590625 0.9719492828125 0.42900744843750005 0.96670535 0.44342596875 0.9829089718749999 0.45046575625 0.9775675421875001 0.4606902828125 0.9818864171874999 0.46647761093750006 0.9759768375 0.4822615734375 0.9631670343750001 0.5012149640625 0.98873905625 0.5212599578125 1 0.5163380562500001 1 0.43568010937499996