10 0.41416893750000006 0.631156334375 0.42370572187500005 0.6243443453124999 0.46457765625 0.6202571531250001 0.53133515 0.62570674375 0.5476839234375 0.6107203671875 0.608991825 0.526251703125 0.6198910078125001 0.499003746875 0.6144414171875 0.4744805859375 0.59809264375 0.4567694140625 0.536784740625 0.413172684375 0.5204359671875001 0.413172684375 0.45231607656249995 0.4390582421875 0.41553133437499995 0.43088385625000003 0.37329700312499997 0.3436903953125 0.3664850140625 0.34232799687500004 0.27384196250000004 0.4649438015625 0.2683923703125 0.5044533375 0.27384196250000004 0.51671491875 0.2861035421875 0.5276141015625 0.3174386921875 0.5385132828125 0.3351498640625 0.5698484328125 0.41416893750000006 0.631156334375
10 0.4986376015625 0.6188947546875 0.4795640328125 0.6188947546875 0.427792915625 0.6229819484375 0.39100817499999996 0.6447803140625 0.328337875 0.6515923031249999 0.3092643046875 0.6611290875 0.2997275203125 0.68020265625 0.2997275203125 0.710175409375 0.29291553124999997 0.7306113765625 0.30245231562499997 0.760584128125 0.30245231562499997 0.7851072890624999 0.6512261578125 0.7851072890624999 0.640326975 0.6597666890625 0.6253406 0.6393307218750001 0.6130790187499999 0.63388113125 0.53133515 0.635243528125 0.505449590625 0.6270691421875 0.4986376015625 0.6188947546875
10 0.23569482343749998 0.670665871875 0.2574931875 0.678840259375 0.2997275203125 0.674753065625 0.3392370578125 0.6447803140625 0.3487738421875 0.6243443453124999 0.34741144375 0.59437159375 0.32288828281250004 0.543962875 0.3038147140625 0.5317012937500001 0.2765667578125 0.526251703125 0.24795640312499997 0.5357884875 0.21117166250000002 0.5657612390625 0.201634878125 0.5821100140625 0.197547684375 0.603908378125 0.2002724796875 0.62570674375 0.2138964578125 0.6515923031249999 0.23569482343749998 0.670665871875
10 0 0.56303644375 0.0163487734375 0.5521372609374999 0.0340599453125 0.5521372609374999 0.17711171718750002 0.588922003125 0.23841961875 0.5357884875 0.26158038125 0.48537976875 0.2861035421875 0.45268222031249994 0.2888283375 0.436333446875 0.252043596875 0.3886495234375 0.17302452343750002 0.30690565468750003 0.153950953125 0.2946440734375 0.13487738437500002 0.293281675 0.1321525890625 0.2769329015625 0.0653950953125 0.26603371875000004 0.05858310625 0.2592217296875 0.0544959125 0.2387857625 0.0340599453125 0.215625 0 0.215625 0 0.56303644375
10 0.34332425 0.237423365625 0.3405994546875 0.225161784375 0.328337875 0.215625 0.080381471875 0.215625 0.06675749375 0.252409740625 0.0599455046875 0.2551345375 0.06675749375 0.2673961171875 0.2724795640625 0.2946440734375 0.314713896875 0.2905568796875 0.34332425 0.237423365625
10 0.337874659375 0.35595197500000003 0.3405994546875 0.3205296328125 0.32288828281250004 0.2864696859375 0.30245231562499997 0.293281675 0.2724795640625 0.293281675 0.2193460484375 0.2864696859375 0.2193460484375 0.3450527921875 0.23160762968749998 0.3654887609375 0.252043596875 0.381837534375 0.2683923703125 0.385924728125 0.30108991875 0.38319993124999996 0.32425068125 0.3709383515625 0.337874659375 0.35595197500000003
10 0.3719346046875 0.3436903953125 0.4073569484375 0.418622275 0.42643051718749997 0.436333446875 0.4577656671875 0.4390582421875 0.509536784375 0.41453508125000005 0.5517711171874999 0.409085490625 0.576294278125 0.39137431875 0.577656675 0.3763879421875 0.607629428125 0.377750340625 0.6689373296875 0.3491399859375 0.6825613078125 0.3327912125 0.6825613078125 0.30690565468750003 0.6321525890624999 0.215625 0.34604904687500004 0.215625 0.3405994546875 0.2483225484375 0.32697547656250003 0.2769329015625 0.3487738421875 0.2987312671875 0.3705722078125 0.2987312671875 0.3678474109375 0.3314288140625 0.3719346046875 0.3436903953125
10 0 0.7851072890624999 0.1634877390625 0.7851072890624999 0.170299728125 0.7129002046874999 0.18392370625 0.6856522484375 0.18664850156249999 0.662491484375 0.18801089843750002 0.616169959375 0.1798365125 0.5957339921875 0.15531335156249998 0.580747615625 0.0204359671875 0.5507748640625 0 0.56303644375 0 0.7851072890624999
10 0.6907356953125 0.404998296875 0.5871934609375 0.44587023124999997 0.6144414171875 0.4731181875 0.6198910078125001 0.5044533375 0.607629428125 0.530338896875 0.5517711171874999 0.6052707765625 0.5517711171874999 0.6120827656250001 0.577656675 0.6148075609375 0.58991825625 0.631156334375 0.6130790187499999 0.635243528125 0.634877384375 0.6515923031249999 0.6416893734375 0.68020265625 0.6498637609375 0.7851072890624999 0.7983651218750001 0.7851072890624999 0.8065395093750001 0.7673961171875 0.802452315625 0.725161784375 0.787465940625 0.678840259375 0.7356948234375 0.4390582421875 0.7193460484374999 0.41044788906249996 0.6907356953125 0.404998296875
10 1 0.47175579062499995 0.9523160765625001 0.46903099531250003 0.7452316078125001 0.4744805859375 0.743869209375 0.49491655312500005 0.7670299734375 0.5970963890625 0.7779291546875 0.6420555171875 0.7888283375 0.6638538828125 0.8119891015625 0.6679410765625 1 0.65704189375 1 0.47175579062499995
10 0.80108991875 0.4622190046875 0.8351498640624999 0.47175579062499995 0.865122615625 0.4649438015625 0.8814713890625001 0.45268222031249994 0.9114441421875 0.40363589843750003 0.915531334375 0.3763879421875 0.90599455 0.3477775890625 0.8828337875000001 0.32189202968749997 0.8487738421875 0.30554325625 0.8283378750000001 0.3041808578125 0.8051771109375 0.3123552453125 0.7643051765625 0.3477775890625 0.7547683921874999 0.3641263625 0.7534059953125001 0.385924728125 0.76158038125 0.4158974796875 0.779291553125 0.44178303750000003 0.80108991875 0.4622190046875
10 0.9291553140625 0.678840259375 0.90599455 0.7169873984375 0.8692098093749999 0.7469601499999999 0.833787465625 0.7469601499999999 0.8365122609375 0.7633089234375 0.8487738421875 0.7851072890624999 0.9727520437500001 0.7851072890624999 0.98092643125 0.7782953 0.9931880109375 0.7537721390625001 0.9918256124999999 0.71153780625 0.9795640328124999 0.6870146453125 0.9482288828125001 0.6665786781249999 0.9291553140625 0.678840259375
10 0.6471389640625 0.3981863078125 0.7452316078125001 0.338240803125 0.7547683921874999 0.31644243906249997 0.724795640625 0.26875851562499997 0.6798365125 0.215625 0.630790190625 0.215625 0.68392370625 0.3123552453125 0.681198909375 0.3355160078125 0.670299728125 0.3477775890625 0.6144414171875 0.373663146875 0.6280653953125 0.3940991140625 0.6471389640625 0.3981863078125
10 0.90190735625 0.34232799687500004 0.9168937328125001 0.385924728125 0.959128065625 0.44450783437499997 0.978201634375 0.4663061984375 0.9986376015625 0.46903099531250003 1 0.373663146875 0.8814713890625001 0.319167234375 0.90190735625 0.34232799687500004
10 1 0.215625 0.7506811984375 0.215625 0.76975476875 0.2455977515625 0.7779291546875 0.2728457078125 0.79291553125 0.283744890625 0.923705721875 0.3355160078125 1 0.3750255453125 1 0.215625