10 0.33269172343750003 0.204959903125 0.3048565 0.184141040625 0.23738995937500001 0.19566615 0.22824899531249998 0.1835882765625 0.2131194078125 0.18446789375 0.1844595234375 0.19447855 0.1827215234375 0.21182469375 0.12704727968750001 0.23156490624999998 0.109173884375 0.2533723375 0.111274178125 0.290521890625 0.1531831421875 0.383953259375 0.17654035625 0.3816681421875 0.2118285796875 0.3620005625 0.223667115625 0.3616831453125 0.2455561515625 0.4483049109375 0.28929938593750004 0.445947159375 0.3280598078125 0.45296522968749997 0.38108271718750003 0.4370877859375 0.4090104125 0.440841603125 0.38167999531249996 0.387542940625 0.363494340625 0.2849442140625 0.33269172343750003 0.204959903125
10 0.42830195 0.4000377453125 0.42953514375 0.4151714046875 0.5181085000000001 0.57394299375 0.5666033625 0.6048720265624999 0.596176584375 0.60834474375 0.6064158328125 0.5997759046875 0.6066007796874999 0.56564581875 0.61894031875 0.5942265359375 0.627167946875 0.592821034375 0.6106240171875 0.55131914375 0.6082963421875001 0.4954542625 0.5824727375000001 0.4674720625 0.5189483578125 0.29760173437500004 0.4900148515625 0.297429584375 0.45623344374999997 0.3424136296875 0.42830195 0.4000377453125
10 0.5407949578125 0.3313780875 0.5487451640625001 0.3811677140625 0.5762567296875 0.46171422812499996 0.5938527062500001 0.49110192656249996 0.6109014390625 0.5001240140625 0.6316535531249999 0.49316914531249995 0.7088583390625 0.4441770625 0.720881821875 0.409729559375 0.7203808171875 0.3808314265625 0.68834500625 0.2857134546875 0.668097696875 0.2601885265625 0.6460661484375 0.26054225937500003 0.558714590625 0.3010381359375 0.544498340625 0.31540112656249997 0.5407949578125 0.3313780875
10 0.52493698125 0.28464424374999997 0.51830864375 0.29430116562499997 0.5224667937499999 0.3157548625 0.53841724375 0.3454236609375 0.5590344484374999 0.30268841874999997 0.6015444890625 0.2851970078125 0.6723020828124999 0.2731096984375 0.687339196875 0.289295125 0.7045228390625 0.334097584375 0.757318365625 0.2995048109375 0.7679699421875 0.275521215625 0.766416890625 0.2587372734375 0.7368012328125 0.202419140625 0.725694884375 0.1889720828125 0.7070006265625 0.18023109531249998 0.673770259375 0.18420281562500002 0.52493698125 0.28464424374999997
10 0.7982949953125 0.6863424828125 0.785543121875 0.6731765265625 0.7982063203124999 0.642029590625 0.787785925 0.6233505796875 0.7609102765625 0.6074825734375 0.6222313703125 0.593664334375 0.5787617578125 0.6062048953125 0.528255271875 0.582439196875 0.46517806406249995 0.57275539375 0.48574523281250004 0.599930609375 0.49086295468749996 0.6263351578125 0.48670100625 0.6662593984375 0.5126170828125 0.677176553125 0.5290723374999999 0.6743655515625 0.5328181562500001 0.7112340046875001 0.5470768421875001 0.749716428125 0.567828959375 0.74276155625 0.7561010125000001 0.7668621140625 0.7929422890625 0.7639784796875 0.8081181125000001 0.7545663390625 0.796645671875 0.7480015203125 0.7765795078125 0.7497244359375 0.76446735 0.73985905 0.7701823531249999 0.7167187515625 0.7906146109375001 0.708113596875 0.7982949953125 0.6863424828125
0 0.310843021875 0.6974373078125 0.3268384421875 0.7390329 0.34386923125 0.791817784375 0.35358699374999997 0.8390322343750001 0.36309405156249996 0.84422786875 0.3950449875 0.8336550140625001 0.39934184687499996 0.8295111421874999 0.39125293125 0.8053190796875 0.3933570265625 0.7810906984375 0.40295655625000004 0.769221290625 0.4036887453125 0.75545681875 0.332433946875 0.6772680578125 0.3150653546875 0.6665956859375 0.2930338078125 0.66694941875 0.3030123140625 0.686272225 0.310843021875 0.6974373078125
6 0.6558081890625 0.161697353125 0.6660474375 0.1531285140625 0.66476800625 0.14652737656249998 0.6394916453125 0.1389107890625 0.6149474734375 0.1175297265625 0.5879793515625 0.1187267625 0.5708381453125 0.12676971875 0.5602328046875 0.1422207921875 0.5108670421875 0.15065379843749999 0.47150933906250003 0.19318057500000002 0.4792784 0.2157223546875 0.518404915625 0.2158581875 0.5321625984375 0.2254424765625 0.5340817453125 0.23534418124999998 0.525121928125 0.25051415625 0.49609594843749993 0.26740705 0.505830390625 0.2913180140625 0.5341704203125001 0.2796570734375 0.6015020515625 0.2323515953125 0.621067209375 0.20173054375000002 0.6298458765625 0.15931271875 0.6476268000000001 0.15457033125 0.6558081890625 0.161697353125
8 0.25867031875 0.5159665671875 0.2845401578125 0.5354162453125 0.258986378125 0.5789947859375 0.24216502968750003 0.588688025 0.2454098421875 0.596658346875 0.25957985625 0.5908278765625 0.270732440625 0.5957424109375 0.2740697265625 0.586647690625 0.290891075 0.57695445 0.3901274078125 0.5276086375 0.414309284375 0.494494 0.40466731562499997 0.4535179921875 0.379117334375 0.43571860156250003 0.2514985359375 0.44387994218750004 0.2439106265625 0.44858601093750006 0.25867031875 0.5159665671875
8 0.34048422500000003 0.5872367734374999 0.33143193593750003 0.6194717921875 0.333578465625 0.648088825 0.3547391125 0.687097128125 0.375672375 0.7073901078125 0.42563161875000005 0.710790190625 0.45991403125 0.6947042796875 0.49131772500000004 0.6637658125 0.4973988203125 0.6337432796875 0.49360676562499994 0.6054073453125 0.4802614140625 0.5804082984375001 0.4527460484375 0.5612397203125 0.4166369625 0.55035888125 0.37517896875 0.555736103125 0.3507697078125 0.5701354125 0.34048422500000003 0.5872367734374999
10 0.14544765625 0.557472075 0.17628489375 0.57039010625 0.1935622796875 0.577668209375 0.2290008265625 0.590936828125 0.25846869375 0.5734001390625 0.2531402640625 0.5049767765625 0.2418411578125 0.405748109375 0.2319705359375 0.36651608750000003 0.22106201718750002 0.3570133921875 0.1995789765625 0.35727342812499996 0.1800150875 0.36743516718749997 0.14286810156250002 0.38628365625 0.1283319921875 0.3989963640625 0.14544765625 0.557472075
10 0.2462782078125 0.5982149296875 0.20757690312500002 0.6207387890625 0.17984576562500001 0.6413886484375 0.1662242640625 0.6471254171874999 0.213691571875 0.7867768515625 0.262109375 0.83192675625 0.27240900625000003 0.83244053125 0.28773641875 0.8355052765625001 0.3396918671875 0.834586196875 0.358950046875 0.8403893109375 0.34712945624999997 0.7969439328125001 0.31197086406249996 0.6915615609375 0.29234785625000004 0.672181371875 0.2773878046875 0.641775078125 0.2648042 0.61778251875 0.2620629234375 0.5977917078125 0.2462782078125 0.5982149296875