3 0.8489085453125 0.274792375 0.8406529640624999 0.2402426953125 0.8306578312499999 0.225345540625 0.689322828125 0.11245476562500001 0.6174768640625 0.1233058890625 0.5732435390624999 0.15534247343750002 0.5662675968750001 0.163853684375 0.5714462124999999 0.19737656718750002 0.58470936875 0.21625470937500002 0.7208778312499999 0.343349509375 0.7564062296875 0.35737334062500004 0.7934831234375 0.348790453125 0.817870034375 0.33019199375 0.84000199375 0.3000019234375 0.8489085453125 0.274792375
3 0.7909839062499999 0.12394798124999999 0.7525495796875 0.158091771875 0.753027228125 0.16547724531250002 0.83709835 0.231830425 0.8662640265625001 0.17074757499999998 0.8910908296875 0.1356759265625 0.8842304375 0.09942400312500001 0.8689681015625 0.085322371875 0.8134140046875 0.0937128828125 0.7909839062499999 0.12394798124999999
3 0.9018578578125 0.74557408125 0.9520655625 0.6828047109375001 0.9718882359375 0.643336340625 0.9806942875000001 0.4272203671875 0.9701125656249999 0.2636039328125 0.9362877359375 0.25264608437499997 0.9030142890624999 0.2502138640625 0.8809401078124999 0.25802236562499997 0.8636624218750001 0.29344536875 0.8301956328125 0.40439808125 0.8213268359375 0.45346629062500005 0.77736724375 0.5883766046875001 0.7622540203125 0.7666588890625 0.9018578578125 0.74557408125
3 0.76380804375 0.76642418125 0.7868092203125 0.5481709625 0.6921875187500001 0.528156953125 0.6762672703125 0.538019053125 0.6225337453125 0.7877612828125 0.76380804375 0.76642418125
3 0.474165134375 0.3224419203125 0.4889344609375 0.527532925 0.4701082828125 0.5855626453125 0.4708525 0.64361963125 0.48487989374999996 0.6743145296875 0.4969566578125 0.767947996875 0.51051433125 0.8046799296874999 0.6265580203125001 0.787153484375 0.6673029406250001 0.5856101671875 0.6520336624999999 0.5357130390625 0.6194489421875 0.49738025312499995 0.5635126875 0.30745595468750003 0.558965025 0.2604140734375 0.5540152234375 0.25370404375 0.53723520625 0.25027229218749997 0.48674185156250005 0.260881509375 0.46552743437500005 0.2819838609375 0.474165134375 0.3224419203125
3 0.30480733125000004 0.7760875984375 0.3186059125 0.7799696453125 0.414585046875 0.7744227484375 0.503721521875 0.8027228234375 0.505556603125 0.784547390625 0.49561924375000005 0.747268671875 0.49928940781250003 0.7109178078125 0.4893520484375 0.6736390859375 0.374131434375 0.4747704203125 0.3351262171875 0.383712521875 0.3086954296875 0.3474333328125 0.2962920375 0.341849040625 0.2417086453125 0.35904208125000003 0.1433967625 0.42161916406250005 0.12246893437499999 0.4471528 0.1272654328125 0.474767303125 0.1961805421875 0.5627993390625 0.254889440625 0.679220259375 0.26977660000000003 0.7232090109375 0.30480733125000004 0.7760875984375
3 0.49309543749999996 0.80134466875 0.40992183281249994 0.7721440046875 0.10352263749999999 0.7826238953125 0.08861545781249999 0.7848753734375 0.08452542187499999 0.791459196875 0.0334011140625 0.8155874125 0.016945440625 0.84044560625 0.008355304687499999 0.88052259375 0.5143476078125 0.804100978125 0.49309543749999996 0.80134466875
3 0 0.8187829078125001 0.0361914921875 0.8121829265624999 0.0915968921875 0.7844250781250001 0.102185225 0.761944571875 0.11678808125 0.6851629171875 0.112509271875 0.572453428125 0.09926613281249999 0.5073350578125 0.08269719375 0.460617265625 0.051603196875 0.42205932968750004 0.02054695 0.4073600578125 0.0181587109375 0.370432690625 0.0109539546875 0.35213105312500004 0 0.35191648125 0 0.8187829078125001
3 0.09578245937499999 0.7793183515625 0.1081858515625 0.784902640625 0.23566112343749998 0.7775818296875 0.2514480890625 0.7423839734375 0.2487732625 0.7010253234375 0.246136190625 0.6835253375 0.225668275 0.64634555625 0.2169350453125 0.6044104015625 0.1743174390625 0.5273218 0.1337059515625 0.481252184375 0.127896384375 0.461248303125 0.114097803125 0.45736625468750003 0.1134290984375 0.44702659218749996 0.13324832343749998 0.42762648125 0.19236164375 0.3873764328125 0.188329384375 0.3715786875 0.15226556093750002 0.3725509515625 0.08791585156250001 0.40165968750000003 0.032663751562499996 0.40851306249999997 0.054680159375 0.42308612968750003 0.0844745015625 0.46482340312500003 0.10828595156250001 0.5537014953125 0.1179544578125 0.6566478234375001 0.1115316703125 0.7202618328125 0.09578245937499999 0.7793183515625
3 0 0.35172304374999996 0.0109539546875 0.35213105312500004 0.02127343125 0.3953181515625 0.0369448484375 0.40488343125000004 0.0491571828125 0.40751353281249997 0.107008596875 0.39430148125 0.23205787500000002 0.3261946421875 0.282417946875 0.29024967031250004 0.3246179640625 0.2212321125 0.3241980921875 0.191465071875 0.314321596875 0.16909238437500002 0 0.21656537031249998 0 0.35172304374999996
3 0.45076670312499995 0.6123482296875 0.46878860468749994 0.6349822125 0.472878640625 0.6283983890625 0.4715034703125 0.583860403125 0.48922105 0.5319642109375 0.47406960624999994 0.32096482656249997 0.44081617968750003 0.27229237500000003 0.40591873281249996 0.244749546875 0.384379971875 0.23756195624999998 0.347398609375 0.247621934375 0.26101247031249997 0.3083978328125 0.2515327390625 0.324744815625 0.25315674062500004 0.349855425 0.30244596874999996 0.3439026390625 0.331858190625 0.3797315328125 0.3639452421875 0.45691907656249997 0.45076670312499995 0.6123482296875
3 0.662393178125 0.48641967968750005 0.7161923125 0.5036501140625 0.7436361703125 0.5323186828125 0.7882999374999999 0.5479458140625 0.8254746453124999 0.42450090156250003 0.80196751875 0.4101529859375 0.77169553125 0.3610302390625 0.7333767531250001 0.35041089375 0.61960681875 0.24379753750000002 0.60215809375 0.2300261234375 0.5730702140624999 0.2224871765625 0.5317122265625 0.2346996953125 0.5148744359374999 0.2536495109375 0.5495430671875 0.25437948593750004 0.5575698375 0.26211631562500004 0.5621175015625 0.309158196875 0.60427519375 0.4489602171875 0.6235012249999999 0.4669377671875 0.662393178125 0.48641967968750005
3 0.48787047031249997 0.208507753125 0.5675672546875 0.16067435000000002 0.5841184578124999 0.1372932484375 0.6103782062499999 0.124378021875 0.313199175 0.1692619078125 0.322420784375 0.18725893437500002 0.324522434375 0.2197550171875 0.3181196703125 0.23712879843749998 0.29560559531249997 0.26141048906250003 0.2852083234375 0.286845184375 0.36649135625 0.24026372812500002 0.3919290921875 0.23791330937500002 0.41384997031250004 0.2510092796875 0.45203546250000004 0.23629286875000002 0.48787047031249997 0.208507753125