3 0.890700515625 0.6317703140625001 0.8920618765624999 0.5951445421875 0.8785293203125001 0.5726696015625 0.8511680171875 0.5490177796875 0.8238508640625 0.537507575 0.7861212140625 0.5395454390625 0.754262840625 0.5635702640625 0.6463214875000001 0.7284147046875 0.637062459375 0.7509182953125 0.6384964671875 0.7856496374999999 0.646926721875 0.792107965625 0.6961472093750001 0.8113012156250001 0.7681420218749999 0.8016176937499999 0.8838523671875 0.6493943015625 0.890700515625 0.6317703140625001
3 0.864830221875 0.7612808359375001 0.8924902843750001 0.7848924734375 0.9481594734375 0.7774047984375 0.9602857390624999 0.7590708890625 0.9599610484375001 0.7211534515625 0.9290354000000001 0.6934257125000001 0.8888663703124999 0.6411276796875 0.81988358125 0.7308836296875 0.8208448031250001 0.7383465640625 0.864830221875 0.7612808359375001
3 0.9494474046875 0.6041289015625 0.981349925 0.59224569375 0.993268615625 0.584311646875 0.9945888093749999 0.470854425 0.962520740625 0.2218777109375 0.91364859375 0.1610028421875 0.8592729046875001 0.118207871875 0.7144541125 0.1376864390625 0.7619140671875 0.3044055984375 0.8307303125000001 0.42573582343750005 0.8488325859374999 0.47189123437499997 0.9028147140625 0.5724400296875001 0.9264635734375 0.6026649640625 0.9494474046875 0.6041289015625
3 0.6732754 0.3831393234375 0.6906684953125 0.3883921203125 0.7788628734375 0.34160548749999997 0.716138225 0.137459921875 0.5752604984375 0.1564084046875 0.6732754 0.3831393234375
3 0.57921030625 0.15587714375 0.45958938906249996 0.171966521875 0.45442912656249995 0.2060663703125 0.4607575421875 0.3023956234375 0.45303646875 0.33683990937499997 0.4635216125 0.3946489578125 0.493041753125 0.446860853125 0.51826991875 0.654531365625 0.5176775390625 0.6971274859375 0.5423915671875 0.7120247078124999 0.5935654765625 0.70817855 0.6092283703125 0.699998065625 0.612748565625 0.6919323656249999 0.6080905515625 0.643968659375 0.625842434375 0.43962786875 0.6501434749999999 0.392324415625 0.655365371875 0.3384764984375 0.57921030625 0.15587714375
3 0.46770963906249996 0.2619809890625 0.45712054843749994 0.2269625875 0.45959122656250007 0.18715071875 0.45517910468749995 0.17255971875 0.4484925421875 0.1734590828125 0.373038746875 0.2230874015625 0.2785886 0.24490190156249997 0.26591332031250003 0.25268054218749997 0.242040915625 0.3151107859375 0.23605004062499998 0.36298835625 0.2014091515625 0.49519699375000004 0.1513574109375 0.6021464375 0.1520224421875 0.6309074328125 0.1773132046875 0.6502824140625 0.28504386406250004 0.684382534375 0.341468171875 0.6859039609375001 0.3524574 0.676833653125 0.37116770468750004 0.6333190609375 0.3915355609375 0.531880634375 0.46523896249999996 0.3017928578125 0.46770963906249996 0.2619809890625
3 0 0.2917359625 0.048630703125 0.30012705 0.0538811 0.305494634375 0.06881916406250001 0.30348541875 0.36894181718749997 0.22667533906249998 0.4442245234375 0.17403314375 0 0.2337826953125 0 0.2917359625
3 0 0.583293284375 0.023897137500000002 0.7688308312500001 0.061874320312499995 0.7569159640625001 0.06535037031249999 0.736708646875 0.060544259375 0.699393971875 0.08792121093750001 0.6759719125 0.11072844531249999 0.628869378125 0.1178286390625 0.577805715625 0.11814047812499999 0.5094337734375001 0.100542290625 0.39639900625 0.07151058437499999 0.324381634375 0.056868712499999995 0.305092790625 0 0.2937997984375 0 0.583293284375
3 0.11765204375 0.5292392453125 0.11164551874999999 0.6241906968750001 0.09071657968749999 0.6740774796875 0.0721102203125 0.6948014265625 0.1271888171875 0.6858747421875 0.195415478125 0.6964378265625 0.23069009999999998 0.68713795 0.23156302499999998 0.6703176484375 0.1662798265625 0.6472111046875 0.1432518484375 0.63360555 0.1419061359375 0.623157440625 0.15458141875 0.6153787984375 0.156371415625 0.593879815625 0.18698802187500002 0.5366162343750001 0.213567496875 0.4480083265625 0.2139676359375 0.4039196171875 0.2267027125 0.361208709375 0.2258895859375 0.3430967453125 0.2205067421875 0.3013043109375 0.1983516890625 0.27087845312500003 0.07291609375 0.29989748125000004 0.06192686562500001 0.3089677875 0.0886516359375 0.3630741125 0.1071825453125 0.424356315625 0.11765204375 0.5292392453125
3 0.061874320312499995 0.7569159640625001 0.0312733625 0.7671056640625 0.0258640921875 0.784102275 0.036236134375 0.8646308953125 0.046268425 0.8835274484375001 0.058860915624999996 0.8970181640625 0.39236387968750003 0.8521609984375 0.3976532859375 0.8271544453124999 0.39231459218750003 0.7975036296875 0.3379323265625 0.7410435421875 0.2819964546875 0.71971664375 0.1471850328125 0.6877405234375 0.0883498484375 0.6910987015625001 0.07697612968749999 0.697183834375 0.06357602031250001 0.7111337468750001 0.061874320312499995 0.7569159640625001
3 0.5184621640625 0.6560239515624999 0.4924650203125 0.4423830921875 0.4652076640625 0.395940621875 0.45794652343750003 0.3513639359375 0.45269612812500004 0.3459963515625 0.4395324109375 0.37358046875 0.38507189999999997 0.55248979375 0.368756825 0.6381986656249999 0.347058909375 0.6821151015625 0.29795554062499996 0.6902380984375001 0.3012236953125 0.7156120765625 0.313602784375 0.7291314953125 0.40938299375 0.7648389875 0.4473048890625 0.7642937109375 0.46687246875 0.7510327 0.49550683281249996 0.7137755140625 0.5184621640625 0.6560239515624999
3 0.6606386718749999 0.7097861109375 0.674955853125 0.6911575187500001 0.765059825 0.5530073703125 0.8002903 0.531565875 0.82025801875 0.47421615624999996 0.8403581812500001 0.453291290625 0.780356678125 0.341404565625 0.739919959375 0.36962009375 0.718754625 0.405872671875 0.669739553125 0.43827890312499995 0.635662546875 0.46867592187499996 0.6204282890624999 0.491983196875 0.6064045015625 0.6426769953125 0.6110625171875 0.6906406984375 0.60474695 0.7006008296874999 0.571158378125 0.711192371875 0.5911987437499999 0.7251997718750001 0.633794303125 0.7255443171875 0.6606386718749999 0.7097861109375
3 0.6403747625 0.788433890625 0.553601540625 0.7636624875 0.5133727140625 0.7462967203125 0.47338027968749996 0.7425651578125 0.45458167656250004 0.7617965156250001 0.42937921093750003 0.76670476875 0.341304428125 0.7436268734375 0.3563307890625 0.76590089375 0.3829231140625 0.7835823671875 0.392506834375 0.798996215625 0.3967362125 0.8318331296875 0.39123913125 0.85231228125 0.6890338453125 0.812257984375 0.6609918609375 0.80691905 0.6403747625 0.788433890625