9 0.6980638015625 0.4530486671875 0.663990128125 0.493773496875 0.699223321875 0.581017546875 0.7234940125 0.621401278125 0.7762140640624999 0.6872138203125 0.788606384375 0.6967395453125 0.8238212468749999 0.657074509375 0.8834533015625 0.6175140171875 0.8674136890625 0.4048060484375 0.8337812375 0.36693811875 0.8182710546875 0.372361115625 0.7296626765625 0.43580050937500003 0.6980638015625 0.4530486671875
9 0.6710234203125001 0.12260296875000001 0.6682587421874999 0.1140874203125 0.6508839203125001 0.10885667968749999 0.5563126171875 0.1776632546875 0.5506712265625 0.187294409375 0.5998873265625 0.2488615796875 0.664485746875 0.3455321265625 0.6767976859375 0.353991859375 0.696309946875 0.3453460734375 0.7917009046875 0.27333531718750004 0.81032895 0.25296359687500003 0.809927034375 0.2476336296875 0.6967884859375 0.140582221875 0.6710234203125001 0.12260296875000001
9 0.6901021140625 0.13635545625 0.7154494375 0.162868865625 0.7367301265624999 0.1776749453125 0.7416164171874999 0.1861780890625 0.7489616828125001 0.1850686828125 0.7690182937500001 0.05697576875 0.7676562515625001 0.0491936484375 0.55604566875 0.035633025 0.5241839671874999 0.2301078140625 0.52980953125 0.23434078125000002 0.5943421437499999 0.24569460781250002 0.5949206499999999 0.2392924421875 0.5564575578125 0.1936593640625 0.5524713078125 0.1830180296875 0.6520251109374999 0.1099164703125 0.6638547484374999 0.11198023906250001 0.6711841875 0.12473495625 0.6901021140625 0.13635545625
9 0.45647770625 0.711478828125 0.47332149687499997 0.6815193671875 0.50475960625 0.6621392234375 0.5532984812499999 0.6021334765625 0.5817465890625 0.55717568125 0.587564575 0.5358123906250001 0.597288425 0.5240244406250001 0.6080889093749999 0.49836616562499997 0.607526228125 0.490904209375 0.45055724843749995 0.393707221875 0.42543524843749997 0.3842559171875 0.41334863437499997 0.392858290625 0.381155425 0.430372734375 0.36701175468749997 0.453917625 0.32446870625 0.5512145515625 0.31223840625 0.6142074203125001 0.332860203125 0.6343496703125 0.377703959375 0.6660814171875 0.44791086875 0.7104624484375 0.45647770625 0.711478828125
2 0.1741969125 0.1628337875 0.145668421875 0.2067255890625 0.1083429078125 0.24654839375 0.111018434375 0.28202966875 0.1255789078125 0.2921601453125 0.1770932125 0.341982778125 0.1992739421875 0.3546506671875 0.2224996515625 0.3811764796875 0.234570440625 0.3864382296875 0.2624083875 0.37561084375 0.2734341953125 0.3670146734375 0.2955016375 0.335958209375 0.30344123437500004 0.31458251718749997 0.3308930921875 0.2845610375 0.3322108734375 0.27388869374999997 0.2279606921875 0.17211764375 0.2094446828125 0.1658271109375 0.195670021875 0.15204361093750002 0.1892247984375 0.1510148265625 0.1741969125 0.1628337875
2 0.19975749375000001 0.4314332375 0.259662040625 0.494004384375 0.31498600468750004 0.566200484375 0.321511609375 0.5682952609374999 0.3506502609375 0.49027304843749997 0.39087927499999997 0.41858478281249994 0.3693732640625 0.38671659687500004 0.30392353125 0.32097847968750004 0.2684516953125 0.3713096578125 0.227225178125 0.38754763593749997 0.195851625 0.421857896875 0.19975749375000001 0.4314332375
9 0.5006246562500001 0.42434196562500004 0.5199761515625 0.4135641921875 0.53133931875 0.395367875 0.46857388125000005 0.3370793078125 0.4530953484375 0.3147740609375 0.4283107078125 0.295722609375 0.41353979843750005 0.296875428125 0.3778268109375 0.34400862499999996 0.3788717921875 0.3578665453125 0.37192844375 0.3643059203125 0.3613203796875 0.3643679375 0.3554378359375 0.37080111250000003 0.3733595140625 0.3973579328125 0.3938205453125 0.4153681953125 0.40100504375 0.4121268015625 0.4122878265625 0.3928644921875 0.42763724375 0.3853095078125 0.4494964421875 0.39371342343750004 0.47207908749999994 0.41171128437500004 0.5006246562500001 0.42434196562500004
9 0.6130580906249999 0.6487085140625 0.62578776875 0.6486340921875 0.6624337031249999 0.6420210671875 0.66805926875 0.646254034375 0.6761925343749999 0.6696686875 0.681576953125 0.6707036734375 0.715779740625 0.6598390765625 0.7379117374999999 0.6437127296875 0.7002841281250001 0.5810113453125 0.6814940625 0.5288644703125 0.664472425 0.500169459375 0.6649705515625 0.49270130156249997 0.686459484375 0.46804700312499997 0.70769144375 0.45405884375000005 0.7083503343750001 0.44872267343749994 0.7038659593750001 0.4455495 0.6975011203125 0.445586709375 0.6721867015625 0.4617316625 0.5982688484375001 0.52295224375 0.58658415 0.536884584375 0.5773267703125 0.5689326218749999 0.5674421515625 0.578588584375 0.5786616312499999 0.6147827625 0.601967725 0.64237456875 0.6130580906249999 0.6487085140625
9 0.8153702046875001 0.84055569375 0.8171690328125001 0.765892709375 0.77279049375 0.6840344421875 0.763902128125 0.6787540890625 0.7209875640625001 0.6726061953125 0.6809180625 0.6760398453125 0.749182453125 0.8494743546875 0.7581512046875 0.8558207031249999 0.8113523015625 0.857642603125 0.8153702046875001 0.84055569375
9 0.7449392265625 0.8494991625000001 0.7475589640625 0.8420186015625 0.6693612234375 0.6494458140625 0.663494509375 0.642014865625 0.65712966875 0.6420520765625 0.5873417562500001 0.659523496875 0.573953184375 0.6649340890625 0.5724746359374999 0.67347444375 0.6181064015625 0.72973025 0.6454949531249999 0.755165259375 0.656424553125 0.7593672203125 0.6699422359375 0.7838168578125 0.71004464375 0.8230415687500001 0.7030854703125 0.84334506875 0.68447325 0.8498526625 0.6736885906250001 0.8616468156250001 0.67196889375 0.8669891890624999 0.678333734375 0.8669519781249999 0.7449392265625 0.8494991625000001
9 0.6179006625000001 0.9099638406249999 0.6866752468749999 0.850906253125 0.71004464375 0.8230415687500001 0.6586107234374999 0.7742849328125 0.6498989468749999 0.7572724421875 0.6189260578125 0.7265260671875 0.5733746765625 0.671336253125 0.5426429359375 0.6437878609375 0.48129399843750004 0.7028020328125 0.4819370625 0.7113299859375 0.49653138124999996 0.7219093 0.50336269375 0.7421321765625 0.48301494843750004 0.767846265625 0.473789221875 0.7721660578125 0.47313033281249994 0.7775022296875 0.5393193359375 0.8389701703125001 0.5465683890624999 0.85065889375 0.5952376312500001 0.890899984375 0.611535821875 0.91000105 0.6179006625000001 0.9099638406249999
2 0.41359855312500005 0.8887625046875 0.42332240312499997 0.8769745562500001 0.4629887375 0.7978243328125 0.47510700312500004 0.7614937171875 0.49161343750000003 0.7411344015625 0.494650915625 0.7251196875 0.4687250859375 0.7050084437499999 0.45639732187500004 0.710412834375 0.4444872984375 0.7072830703124999 0.3384857671875 0.6385826375 0.3101971765625 0.6152858171875 0.3037519515625 0.614257034375 0.2861847125 0.6346225484375 0.2686016453125 0.6688521875 0.24098902187500001 0.696741678125 0.22036847656249997 0.74698603125 0.2184721859375 0.7640605375 0.26960039999999996 0.7946890796875 0.32243248593749996 0.8338393703125 0.41359855312500005 0.8887625046875
9 0.1658654234375 0.74197235 0.182838328125 0.7418731234375 0.21768418125000003 0.7395364765625 0.2256883359375 0.7330908984375 0.22456297187500002 0.7181669859375 0.23202026875 0.6903953265625 0.2269390546875 0.56671523125 0.22075080625000001 0.55502030625 0.193154009375 0.569045675 0.13363349062500002 0.5819372953124999 0.1420928578125 0.6941204609375 0.1533281625 0.716450515625 0.1569770546875 0.7366919968750001 0.1658654234375 0.74197235
9 0.2783229921875 0.5162910265625 0.2356970578125 0.4717487484375 0.217936146875 0.447323915625 0.198616303125 0.4303734453125 0.19577124375 0.42079190312500003 0.20639513437499998 0.4068657625 0.18746138125 0.40910938281250003 0.190017815625 0.457085309375 0.2040665296875 0.5167251515625 0.20630143125 0.5604371015625 0.220831190625 0.5560863 0.2319861125 0.5773503625 0.2419352890625 0.5826245171875 0.2611905734375 0.5846448718749999 0.313668221875 0.5768728265624999 0.3184095734375 0.5693798609375 0.2783229921875 0.5162910265625
9 0.672646278125 1 0.7007568640625 0.9532044562499999 0.7185652546875 0.936036921875 0.7550979 0.885699540625 0.756335296875 0.87396120625 0.73048985 0.8549159546875 0.6980067609375 0.8604381812499999 0.667886434375 0.8691459828125 0.635789434375 0.8938622984375 0.6271263874999999 0.9056440468750001 0.6125162453125 0.9089288546875001 0.5711922640625 0.8675783562499999 0.5464880078125 0.8495929 0.530109434375 0.829425840625 0.49138936875 0.7944589046874999 0.48494414375000006 0.7934301203125 0.44251313124999997 0.8640647953125 0.6107015921875 0.9974559609375 0.6133129390625001 1 0.672646278125 1
9 0.41842028750000004 0.882335534375 0.41123578906249997 0.885576928125 0.3446936015625 0.8475732546874999 0.2474196703125 0.7820211875 0.2321664625 0.77677804375 0.21030851875 0.8387607328125 0.3542421140625 0.9179040437499999 0.411911759375 0.9367632390624999 0.44282009218749996 0.9525794984375 0.5168999624999999 0.963877509375 0.5216729671875 0.9286562999999999 0.45262307343749997 0.8714709359375 0.44267389843749994 0.8661967828125 0.427742221875 0.8652176140625001 0.41842028750000004 0.882335534375