9 0.6731290796875 0.945342753125 0.6899313874999999 0.9456625375 0.69617890625 0.9335512093749999 0.7570337953124999 0.8838264109375 0.8469772437499999 0.7998716984375001 0.8725063953125 0.48712668125 0.8589977328125 0.4851124390625 0.8512575984374999 0.48973949843750003 0.7597834953125 0.6053302953124999 0.6627655406249999 0.7372969625 0.6505050031249999 0.7457621234375 0.6049170734375 0.7630763296875 0.6052583953124999 0.8104340984375 0.61197508125 0.818344809375 0.651230546875 0.9172607968750001 0.6731290796875 0.945342753125
9 0.431563271875 0.7478738078125 0.41572049062499994 0.7486841234375 0.4200489546875 0.7343125921875 0.44152087812499996 0.716081590625 0.45689449375 0.6952492390625 0.3516455265625 0.6961238203125 0.3230938875 0.5433892390625 0.29059800625 0.529167090625 0.26665257656249997 0.5261606671875 0.22859164999999998 0.5672283640625 0.2273976265625 0.5818557546875 0.21353799375000002 0.622795434375 0.2065015234375 0.631687034375 0.1853495578125 0.6846527515624999 0.17741765625 0.7302834078125 0.156521553125 0.7801146875 0.14701175 0.8193058859375 0.18865509062500002 0.8374300640625 0.36469570625 0.8970264890624999 0.47730110000000003 0.9219950234375001 0.506086890625 0.955898059375 0.51845408125 0.9590111359375 0.5394356453125 0.9596720703124999 0.5467066109375 0.935022978125 0.5606088015624999 0.8677923796875 0.5695214234375 0.7843778515625 0.568178015625 0.7621808984375 0.5122697953124999 0.7513064953125 0.48024308125 0.757106384375 0.431563271875 0.7478738078125
9 0.751563534375 0.6165293453125 0.82712111875 0.51902201875 0.7832985421875 0.485394078125 0.7593624078125 0.44737930625000005 0.7142901046875 0.484268578125 0.6397687375000001 0.532276778125 0.59049356875 0.583848340625 0.5149974890625 0.64379726875 0.466453353125 0.6864132859375001 0.4101126796875 0.7509309281250001 0.4327399203125 0.7497729 0.4566157171875 0.7517218640625 0.4909371765625 0.7545235015625 0.5290959875000001 0.74712061875 0.5461499609375 0.75903048125 0.574502471875 0.761344875 0.586562209375 0.7608267671875 0.598432215625 0.766303315625 0.616894315625 0.7572926078125 0.617016153125 0.7558000171875 0.6293195703125 0.752296725 0.6617531062500001 0.7414214203125 0.6734171609375 0.72734818125 0.7153529843750001 0.6736749750000001 0.751563534375 0.6165293453125
9 0.1345678515625 0.301741140625 0.12006984999999999 0.4793489875 0.3897725546875 0.5584484078124999 0.441757184375 0.56569695 0.497365653125 0.583759059375 0.5061369046874999 0.5499167046875 0.4726683171875 0.53666693125 0.4926162640625 0.4947217015625 0.514573971875 0.4649608203125 0.5347052625 0.3839646 0.2424100765625 0.32103879687500003 0.1345678515625 0.301741140625
9 0.23223475468750002 0.5561064671875 0.2678662765625 0.524456696875 0.15785844375 0.49174959375 0.1374649859375 0.652045515625 0.19410494375 0.655166459375 0.2154232890625 0.6148356296874999 0.226295971875 0.5736521296875 0.23223475468750002 0.5561064671875
9 0.8288570328124999 0.516158646875 0.8582759296875 0.48700681875 0.8727403921875 0.48426009062500003 0.8786533249999999 0.411823684375 0.8531610234375 0.40244723125000004 0.5963441828125 0.3649555515625 0.47765343437499996 0.5340687875000001 0.49033148750000005 0.5411138359375001 0.5089995390625 0.5516529171875 0.5286724703125001 0.568284171875 0.5327523296875001 0.628718678125 0.7563779359375 0.44713568437499995 0.779552865625 0.47607309999999997 0.8288570328124999 0.516158646875
9 0.6926097484375 0.3082045625 0.746573971875 0.30960454843749996 0.8796461703125 0.3996608171875 0.8886992953125 0.28875546406249997 0.6659966578125001 0.0821541734375 0.6158686140625 0.144173875 0.57295808125 0.209787809375 0.5785916796875 0.2327857296875 0.564704353125 0.2556927046875 0.5376607375 0.29255111093749997 0.571342834375 0.2847827984375 0.6127901312499999 0.3107041625 0.63815816875 0.3127749375 0.6926097484375 0.3082045625
9 0.5637609765625 0.2120421296875 0.4053703015625 0.220148328125 0.44638940937499993 0.361730071875 0.536441178125 0.381101228125 0.52115211875 0.45798510468750003 0.591867471875 0.36459012031250004 0.876905809375 0.4103956484375 0.8775241765624999 0.3984258328125 0.751050684375 0.3099699796875 0.6183935640625 0.315669178125 0.5727132328125 0.2863972 0.5406452109375001 0.29279473125 0.576977603125 0.234156509375 0.5637609765625 0.2120421296875
9 0.5297470359374999 0.0214485015625 0.5567025531249999 0.00922450625 0.5174603890625 0.006021196875 0.1606001 0.0018687515625000002 0.1442259515625 0.23789725781249998 0.2677189453125 0.2134195578125 0.29122922500000004 0.2198462953125 0.44081965156249997 0.1539253421875 0.45906185 0.1328763875 0.4480986640625 0.11996117656250001 0.4678331 0.099034034375 0.4777310703125 0.06979126249999999 0.49417701718749996 0.015539871875 0.5297470359374999 0.0214485015625
9 0.6823811015625 0.06546118281249999 0.8893861187500001 0.2803415359375 0.9091686078125001 0.037996059375 0.843649475 0.032647778125 0.7605251390625 0.1018907609375 0.6823811015625 0.06546118281249999
9 0.405492140625 0.2186557375 0.569851765625 0.21103678124999997 0.6662403359375 0.079168990625 0.8851698765625 0.2863596859375 0.67951846875 0.06372497187500001 0.7591547421875 0.10027635937499998 0.79268483125 0.075967734375 0.7911925921875 0.07584592343749999 0.7981060890625 0.04635953125 0.723621934375 0.0228500171875 0.656587609375 0.0173780515625 0.5117473484375 0.11313647812500001 0.46229000468750003 0.1301348265625 0.44566188125000006 0.1498129984375 0.4113705890625 0.16504426562500002 0.35719285312500004 0.184662365625 0.33328571875 0.23830470468749998 0.3296003765625 0.26504953593749997 0.337335409375 0.28070630625000004 0.36309913125 0.29633221249999997 0.380884140625 0.2992865265625 0.438776215625 0.344580709375 0.405492140625 0.2186557375