7 1 0.3102096796875 0.9613838671874999 0.3259493671875 0.9345241625 0.36075949375 0.9171927953125 0.362341771875 0.8837828890624999 0.3924050640625 0.8697634703125001 0.3971518984375 0.8429037640624999 0.43196202499999997 0.834220746875 0.4493670890625 0.8438271437499999 0.48575949375 0.8655022000000001 0.5094936703124999 0.8989511359375 0.51424050625 0.961210534375 0.4920886078125 1 0.47126221875 1 0.3102096796875
7 0.618402278125 0.401898734375 0.628338125 0.4113924046875 0.64103538125 0.44620253125 0.6698111765625 0.4525316453125 0.7109850843750001 0.41930379687499997 0.7667982796875 0.29272151874999996 0.769629025 0.251582278125 0.752479715625 0.223101265625 0.66861895625 0.223101265625 0.656181815625 0.22784810156250002 0.6503685734375 0.23892405 0.618402278125 0.401898734375
7 0.45252315468750004 0.441455696875 0.45774683125 0.41772151874999996 0.3794738640625 0.333860759375 0.33903255468750004 0.3148734171875 0.299141778125 0.2737341765625 0.2374675859375 0.2405063296875 0.22572837343750002 0.22626582343749999 0.17818632343750002 0.22468354375000002 0.1533857390625 0.23575949375 0.14613760781250001 0.25 0.1481620625 0.25949367031250004 0.1829375203125 0.29272151874999996 0.2117523453125 0.333860759375 0.2955437734375 0.40031645625 0.3342554140625 0.416139240625 0.36262806406250003 0.447784809375 0.3953053765625 0.46993670937500004 0.4206955265625 0.4715189875 0.45252315468750004 0.441455696875
7 0.4937057859375 0.544303796875 0.5216362625000001 0.5664556968750001 0.60247985625 0.569620253125 0.6269509921875 0.5854430374999999 0.6396092203125 0.5854430374999999 0.6479974546875 0.5617088609375 0.62352631875 0.5458860765625 0.5968096421875 0.515822784375 0.5900383546875 0.5063291140625 0.5888592218750001 0.48101265781249997 0.571527853125 0.48259493593749997 0.49432565781250004 0.45569620312500003 0.48862077656249997 0.43512658281250005 0.494837165625 0.3987341765625 0.42848983125 0.3670886078125 0.42418517187500004 0.376582278125 0.4542874921875 0.4113924046875 0.45833639843749996 0.430379746875 0.4269509453125 0.46993670937500004 0.41300522187500005 0.4762658234375 0.39070593124999997 0.473101265625 0.389344740625 0.4778481015625 0.4337612625 0.51424050625 0.4937057859375 0.544303796875
7 0.23745473125 0.6139240499999999 0.2827122125 0.5664556968750001 0.3203921125 0.5601265828125 0.3274928515625 0.54272151875 0.3627061234375 0.5174050640625001 0.369512078125 0.49367088593749997 0.3891973484375 0.47468354375 0.387172896875 0.4651898734375 0.341247790625 0.430379746875 0.3211203453125 0.43987341718749995 0.2912044453125 0.44303797500000003 0.23932306718750002 0.48417721562500005 0.212315971875 0.515822784375 0.1676090296875 0.541139240625 0.15145679375 0.568037975 0.154144509375 0.5917721515625 0.1823697671875 0.6202531640625 0.2094895890625 0.625 0.23745473125 0.6139240499999999
7 0.1164081296875 0.291139240625 0.055548951562500004 0.3433544296875 0.075715425 0.36867088593749997 0.1397825515625 0.41930379687499997 0.1865183125 0.4715189875 0.23939676406250002 0.48575949375 0.28675239218750004 0.4493670890625 0.31328264843750003 0.441455696875 0.3161524234375 0.43512658281250005 0.2627190703125 0.375 0.203472475 0.3259493671875 0.1748787375 0.28955696249999996 0.1164081296875 0.291139240625
7 0.81882705 0.25474683593749997 0.8003902453125 0.2325949359375 0.7766560671875 0.2325949359375 0.7720219578124999 0.2689873421875 0.748990071875 0.31803797500000003 0.7326557796875 0.375 0.7599620218750001 0.41772151874999996 0.7964671515624999 0.45411392343749996 0.8110761375 0.46202531718750006 0.8284812 0.46202531718750006 0.85324275625 0.416139240625 0.85478600625 0.38132911406250003 0.8434499390625 0.34177215156249996 0.8316370328125 0.3259493671875 0.81882705 0.25474683593749997
7 0.4257849 0.6487341765625 0.419486090625 0.5474683546875 0.4244886796875 0.5189873421875 0.4221694421875 0.50316455625 0.3924356015625 0.4762658234375 0.3830156265625 0.4778481015625 0.36792980000000003 0.49367088593749997 0.36112384531249997 0.5174050640625001 0.3475466 0.5316455703125 0.3425440125 0.5601265828125 0.3596976828125 0.6566455703125 0.36970722500000003 0.66772151875 0.385308921875 0.6629746828124999 0.3966796546875 0.669303796875 0.407313428125 0.6598101265625 0.41997165625 0.6598101265625 0.4257849 0.6487341765625
7 0.01941884375 0.4169303796875 0.0211184546875 0.4534216765625 0.042825753125 0.4778481015625 0.105492659375 0.498417721875 0.14070593125 0.473101265625 0.1717619359375 0.4604430375 0.174336925 0.447784809375 0.155900121875 0.4256329109375 0.086791375 0.36867088593749997 0.070747503125 0.36392405 0.020522099999999998 0.40664557031250004 0.01941884375 0.4169303796875
8 0.40772506406250003 0.193037975 0.411995059375 0.2167721515625 0.4481663765625 0.2120253171875 0.451552021875 0.2167721515625 0.5369950593749999 0.2167721515625 0.55590870625 0.2151898734375 0.5538842515625 0.20569620312499998 0.563083140625 0.1993670890625 0.5665381171874999 0.137658228125 0.3289015609375 0.1313291140625 0.309987915625 0.1329113921875 0.3015259859375 0.155063290625 0.295968496875 0.137658228125 0.28474515624999996 0.13449367031249998 0.28540841875 0.14873417656250001 0.2918849234375 0.151898734375 0.2913734171875 0.20886075937499998 0.300793390625 0.20727848125 0.3043264265625 0.2151898734375 0.3328074390625 0.2151898734375 0.33516134218750004 0.197784809375 0.335971996875 0.2151898734375 0.4040836671875 0.2167721515625 0.40772506406250003 0.193037975
8 0.49641508125 0.330696203125 0.5243065265625 0.31803797500000003 0.5400902828125 0.28322784843750004 0.5501691578125001 0.22784810156250002 0.306498271875 0.22784810156250002 0.312315878125 0.2848101265625 0.340688528125 0.31645569687499997 0.38572928281249996 0.33227848125000004 0.460317459375 0.3370253171875 0.49641508125 0.330696203125
7 0.6468355375 0.23101265781250002 0.63870305625 0.22626582343749999 0.570738778125 0.22784810156250002 0.5448371187500001 0.28322784843750004 0.5089259171875 0.3275316453125 0.5116873281250001 0.3528481015625 0.4896134890625 0.4224683546875 0.4894314296875 0.4525316453125 0.563542765625 0.48101265781249997 0.582603803125 0.48259493593749997 0.5998961406250001 0.44620253125 0.6075474171875 0.40664557031250004 0.6329332062499999 0.3401898734375 0.64922846875 0.24841772187500002 0.6468355375 0.23101265781250002