0 0.31809112812499996 0.182481475 0.30617836249999997 0.1178194328125 0.30292025 0.11321444843749999 0.09729135625 0.1372000171875 0.006818481249999999 0.39063057031250004 0.0090323046875 0.5174603875 0.025938390625000002 0.7103038640625 0.0744069796875 0.721871253125 0.18797920937499998 0.7210861937499999 0.23462890937499997 0.7119059734375 0.2787446453125 0.6880662453124999 0.29904885625 0.663265240625 0.29979077656249997 0.6432385921875 0.3070379578125 0.62619190625 0.30158506093750004 0.478523409375 0.31809112812499996 0.182481475
0 0.3115186234375 0.6630569609375 0.30193865 0.6392492828125 0.29883255468750003 0.6607979562499999 0.2891130515625 0.678133025 0.2634315921875 0.69857623125 0.198888365625 0.7173211828125 0.1359522625 0.7259086171875 0.14386347187499998 0.744925921875 0.14891627031250002 0.7455827953124999 0.15188283593750002 0.7651768671875 0.16790642656250002 0.7770166203125 0.20381676093749998 0.7877829421875 0.2828846109375 0.792268903125 0.35549370625 0.7800606484375 0.39869773125 0.7600660375 0.410997709375 0.743676228125 0.40861840781250003 0.7165361125 0.412265253125 0.701155646875 0.3729708859375 0.6945228250000001 0.331683303125 0.6793987046875001 0.3115186234375 0.6630569609375
0 0.15080133281250002 0.7528404531249999 0.16562014687499998 0.7224480078125 0.0731708171875 0.7220154437499999 0.069199521875 0.7336949859375 0.0738348484375 0.75807943125 0.050146601562500004 0.7870139375 0.0460822859375 0.826121978125 0.060761568749999995 0.83687228125 0.0953275890625 0.8465491546875 0.16934264062499998 0.850378240625 0.22362561093750002 0.8428001515625001 0.25995341562499996 0.8298388984375 0.27392215625 0.8182394625 0.274231475 0.793278246875 0.1910225421875 0.784290296875 0.16263733125 0.7738924640625 0.151774684375 0.763943225 0.15080133281250002 0.7528404531249999
0 0.3030666625 0.6378714484375 0.299358175 0.6383040249999999 0.2945368078125 0.6687765734375 0.26939609999999997 0.6953879890625 0.21485031875 0.7142130453125 0.13460794843749999 0.7248191671875001 0.1340206890625 0.7323652078125 0.1477882578125 0.7469606296875 0.15188283593750002 0.7651768671875 0.169250740625 0.7781060703125 0.2277364375 0.7899778609375 0.29030158125 0.79140375 0.354257546875 0.780204840625 0.39982574375 0.7586882046875 0.41088956093749995 0.7424425859375 0.410812790625 0.6988325546875 0.37813183125 0.6964133390625 0.331683303125 0.6793987046875001 0.31006616249999996 0.6607338703125001 0.3030666625 0.6378714484375
0 0.4284435078125 0.7005147921875 0.4656365125 0.697422671875 0.519811334375 0.6886109406250001 0.5825776484375 0.663841975 0.6163714875 0.636221215625 0.627481815625 0.6062613484375 0.5364126640625 0.165739171875 0.517623678125 0.10811048906250001 0.50498411875 0.09213723593749999 0.501883440625 0.0900064 0.35321437499999997 0.10734789375 0.33703589843750004 0.12792888125 0.328088575 0.18256158125 0.31745399375 0.5028437703125 0.30583317656250003 0.5839597109375 0.3086450796875 0.616034390625 0.304951725 0.64512910625 0.31141047187500004 0.6618233203125 0.32899467968749996 0.67721980625 0.3807123078125 0.697358596875 0.4284435078125 0.7005147921875
0 0.5623199484375 0.6749287296875 0.5037412296875 0.6904854375 0.42586303281250004 0.6995695343749999 0.407613675 0.747809728125 0.38585700312500004 0.770287640625 0.389843428125 0.7872702375 0.4069950359375 0.7977321578125001 0.43494764531249996 0.803195425 0.48966321874999996 0.8005519015625 0.5241675984375 0.7952808828125 0.5739850343749999 0.779499878125 0.59897108125 0.7653690703125 0.6056310015624999 0.7558684265625 0.610622159375 0.7415774109375 0.6083044937500001 0.7293851874999999 0.5666924640625 0.71056014375 0.5623199484375 0.6749287296875
0 0.309060309375 0.791708153125 0.3065566046875 0.8343729265625001 0.309894128125 0.8439536750000001 0.3432239890625 0.853774740625 0.38557794218749997 0.8525731343749999 0.43502441562499994 0.8468054546875001 0.4740408453125 0.8360231031250001 0.49262978124999995 0.8201459734375 0.48987951875 0.8030191828125 0.408014896875 0.7951206843749999 0.3936600640625 0.7880713046875 0.38709316562499996 0.7701434500000001 0.309060309375 0.791708153125
0 0.6084742875 0.7455667203125 0.6002072421875 0.765224878125 0.5364210671875 0.79260531875 0.5214324640625 0.8068162328125 0.5221895156249999 0.8154517234374999 0.5302553875 0.821988421875 0.5939485421875 0.822036478125 0.657904509375 0.8108375671875001 0.6939078624999999 0.794175390625 0.699547921875 0.787286225 0.6998107328125001 0.7760392578124999 0.691528559375 0.7670352765625 0.6853791296875 0.7253798484375 0.6083044937500001 0.7293851874999999 0.6084742875 0.7455667203125
0 0.6311796562499999 0.1783639609375 0.6020990328125 0.174278528125 0.57984811875 0.1768739828125 0.5461007875 0.19078049218749998 0.5452507171875001 0.2095735 0.6020956703125 0.47338053125 0.6240977796875 0.61039485 0.6172832015624999 0.6323760984375 0.5778493015625 0.6668860249999999 0.5634014484375001 0.6872651453125 0.5620106265625 0.6998899453125 0.5694892375 0.7139726828125 0.590457478125 0.7252356671875 0.6444776390625 0.7289045437499999 0.7171948890625 0.71792993125 0.778833190625 0.6945387984375 0.81305963125 0.6718526046875 0.8218674234375 0.65836265625 0.822825646875 0.6408032890625 0.667043478125 0.20284453125000002 0.649351121875 0.18621440312499998 0.6311796562499999 0.1783639609375
0 1 0.47022517031250005 0.9268363953125001 0.3457706875 0.869371678125 0.231586753125 0.8502268609374999 0.21263353437500002 0.83721634375 0.2066736046875 0.80824386875 0.203821815625 0.7861011046875 0.20765091249999998 0.746497415625 0.22597930625 0.7159794609375 0.24823292187499998 0.7018560593750001 0.27231296562499996 0.7040190625 0.296985796875 0.7220044890625 0.35969323750000004 0.823150096875 0.6445042125 0.8240769390624999 0.6693212374999999 0.8380142984375001 0.700098190625 0.8658122484374999 0.7180420625 0.907038190625 0.7182182921875 0.9561602140625001 0.7087496875 1 0.691989259375 1 0.47022517031250005
0 0.8401156625 0.7098231296875 0.8284343234374999 0.6762905109374999 0.8175716796874999 0.666341271875 0.8013469140625 0.6806963765625 0.7608315140624999 0.7028698875 0.689087615625 0.724947271875 0.69372294375 0.7493317187499999 0.7037820265625 0.764359715625 0.7055124296875 0.7840979796875 0.7226640343749999 0.7945599 0.7440032359375001 0.7958095593750001 0.8351547640625 0.7814384249999999 0.8808311109375 0.7611554296875 0.8900715046875 0.7526000453125 0.8915704796874999 0.7412088875 0.8846326171875001 0.7332943546874999 0.882206803125 0.7198684921875 0.8583952781249999 0.718907215625 0.8401156625 0.7098231296875
0 1 0.6905017046874999 0.9681973828125001 0.7036068421875 0.9230001437500001 0.7151101546875 0.8920960984375 0.7187149546875 0.8994665578125 0.7315640515624999 0.9033448359375 0.7473130078125 0.920280140625 0.7553076453124999 0.9931055390625 0.7455666734374999 1 0.7434949937499999 1 0.6905017046874999