10 0.45151324062500003 0.6895470625 0.47295076875 0.6584283953125001 0.4755177609375 0.61044155 0.4443308109375 0.541155596875 0.42727632499999996 0.5229530312499999 0.39416962187500004 0.5134718609375 0.34855952343749996 0.530081465625 0.3074376875 0.5725903031249999 0.31946189999999997 0.6282961625000001 0.323783621875 0.694271690625 0.412436825 0.709039325 0.45151324062500003 0.6895470625
10 0.47121950625000003 0.7734155015625 0.5338636515624999 0.8134407171875001 0.5953594265625 0.8281860078125 0.6650792640625001 0.8076913578125 0.7021511421875 0.7343511625 0.6527408968749999 0.66001496875 0.609551690625 0.6302817703125 0.5680952593749999 0.61925233125 0.5129037921874999 0.6290718875 0.4762906578125 0.6590477046875 0.46647991875 0.67393984375 0.46541633281249994 0.7623126375 0.47121950625000003 0.7734155015625
10 0.748575015625 0.68948320625 0.709999734375 0.722437453125 0.6635554203125 0.8057376625 0.7142381859375 0.8084511265625001 0.7846257 0.7613421640625 0.8175439093750001 0.7156410140625 0.8156854703124999 0.6601490421875 0.8073357437500001 0.6586007703125001 0.748575015625 0.68948320625
10 0.8151230187499999 0.76198381875 0.8349534296875 0.74894960625 0.86526225625 0.694408940625 0.8933795640625 0.6645288921875 0.8941100703125 0.6563086874999999 0.8724007796875 0.65228318125 0.8349314765625 0.6536909921875 0.8182948546875 0.66898855625 0.8113857031249999 0.6894321265625 0.814496221875 0.711733625 0.7838951921875 0.7695623703125001 0.8151230187499999 0.76198381875
10 0.6838650140625 0.7109068187500001 0.71907996875 0.7157655171874999 0.752061009375 0.6884584734375 0.7964394640625 0.666607090625 0.8236173328125 0.628197184375 0.82704049375 0.60877834375 0.8160813828125001 0.5983905593750001 0.7295364281250001 0.5790004546875 0.653220078125 0.5782183390625 0.6321580265625 0.586010775 0.63149035 0.6126250875 0.64649941875 0.6538442296875 0.6838650140625 0.7109068187500001
10 0.4125390203125 0.5168780578125001 0.42894627031250004 0.523262684375 0.4443308109375 0.541155596875 0.4535367078125 0.571271875 0.49470093593750003 0.5855893953125 0.4971013875 0.57767884375 0.474264165625 0.5099411609375 0.500064290625 0.46793351562499996 0.536969628125 0.434669615625 0.5313125546874999 0.4219227109375 0.5121498203125 0.40834261562499996 0.4873928421875 0.4004097171875 0.41685922656249996 0.4491627203125 0.40594250781249996 0.49560129531249997 0.4125390203125 0.5168780578125001
10 0.6898536515625 0.50981026875 0.6725902328125 0.4748576375 0.5814941859375 0.41117419218749995 0.5664646765625 0.40838730468750006 0.5393700796875 0.42675906562500004 0.556341296875 0.46499977968749995 0.65179994375 0.5177942437499999 0.6769119546875 0.540833165625 0.6920875640624999 0.5419760140625 0.68672269375 0.5259410250000001 0.6898536515625 0.50981026875
10 0.9236051203125 0.6300263765625 0.9295748328125001 0.6010529453125 0.92544160625 0.5902597359375 0.8830661750000001 0.53226818125 0.8306725859374999 0.6061095703125 0.8251411765625001 0.6301508796874999 0.8115522437499999 0.6493558312500001 0.81618660625 0.673611025 0.8399413125 0.6546199546875 0.8959261171874999 0.6549743015625 0.9236051203125 0.6300263765625
10 0.7260080453125 0.523198828125 0.744586375 0.5433550890625 0.752414528125 0.5698736328125 0.8142025046875 0.581330840625 0.8469541734374999 0.5757059828125 0.8453675 0.5553581828125 0.8196082515625 0.5205013187499999 0.7879830015625 0.4561474875 0.77593835 0.43887388281249995 0.7596771999999999 0.4308452171875 0.6878491109375 0.45596233750000004 0.6754918187500001 0.4804090703125 0.6842594109375 0.5154574703125 0.7260080453125 0.523198828125
10 0.8751327984374999 0.4305291765625 0.8589549203125 0.4024623625 0.8605620328124999 0.38437791093749996 0.8472024703125 0.38190067656250004 0.7909882953125 0.4032285203125 0.7479875828125 0.42867763906249995 0.767588621875 0.4373256125 0.8113417953125 0.4989149015625 0.857014725 0.5006994031249999 0.8725658046874999 0.47851602031249996 0.8751327984374999 0.4305291765625
10 0.573081628125 0.391231815625 0.5813480859375 0.412818234375 0.6084222421875001 0.43287872656250004 0.6566212859375 0.46354089062500003 0.6717968953125 0.46468373593749995 0.745816503125 0.4149060015625 0.6873888546875 0.3656358484375 0.5876508765625 0.3036922140625 0.573081628125 0.391231815625
0 0.46355335000000003 0.30574806875 0.45555865781250005 0.3193058203125 0.4540976453125 0.33574623125 0.46338680937500004 0.34582436250000004 0.507598725 0.364049275 0.5741043359375 0.379723528125 0.584874953125 0.3349289953125 0.47735121718749995 0.30329317968749997 0.46355335000000003 0.30574806875
10 0.5341513109375 0.4090800375 0.5313958249999999 0.4018845640625 0.47194546875 0.3641226984375 0.4665805984375 0.34808771250000003 0.4390053046875 0.3145652375 0.3433377265625 0.24502070781250002 0.3219834703125 0.256101225 0.322902471875 0.3030633375 0.39118325 0.3942677109375 0.4634920328125 0.421044828125 0.4890627875 0.4007193703125 0.5341513109375 0.4090800375
10 0.2852461859375 0.382979696875 0.283931275 0.397776065625 0.2951417125 0.48174027500000005 0.307478565625 0.49572579843750003 0.3225080734375 0.4985126859375 0.40391752968750005 0.4801856171875 0.422891771875 0.4385833953125 0.43727404375 0.42955234062500003 0.42362227656250007 0.43036319062499995 0.42218170468749994 0.408371346875 0.38646561562500004 0.390050665625 0.34350577968749996 0.338635278125 0.3289978453125 0.31087811875 0.322318065625 0.30963950156250003 0.29418031875 0.377951803125 0.2852461859375 0.382979696875
7 0.36569425 0.2608641546875 0.4292778359375 0.309419228125 0.4392975078125 0.3112771546875 0.44272066875 0.291858315625 0.46052610156249996 0.2634084234375 0.48217255937500003 0.24903982187499998 0.48240193124999997 0.22735763593749997 0.46280089062499996 0.21870966093750002 0.44340878281249996 0.22681175156250002 0.4179212984375 0.2270990609375 0.3959826390625 0.2447557421875 0.37172679531249997 0.2502848296875 0.36569425 0.2608641546875
10 0.7487370140625 0.2483343140625 0.713584890625 0.2618697203125 0.691061825 0.2861025671875 0.681752221875 0.3144566890625 0.6857393484375 0.326893940625 0.738217721875 0.3667052703125 0.74045163125 0.3988710140625 0.779945915625 0.41287888125 0.8234477640625 0.4008917453125 0.85221230625 0.3828296390625 0.8605824734375 0.34594565781250003 0.8758413515625 0.327050359375 0.8774484671874999 0.30896590625 0.8659882203124999 0.28511613750000003 0.8390601625 0.263411603125 0.784536371875 0.246616846875 0.7487370140625 0.2483343140625