9 0.2834230265625 0.8320303875 0.30964334375 0.621653425 0.073660484375 0.624289971875 0.0724686515625 0.8346934031250001 0.2798475296875 0.8262543421874999 0.2834230265625 0.8320303875
9 0.306067846875 0.6241962328125 0.2811704203125 0.8333233703125 0.354932984375 0.832275790625 0.474116246875 0.8421920578125001 0.4991447328125 0.7625952359375 0.5062957296875 0.641045703125 0.4991447328125 0.6496965375 0.4741162484375 0.6413512140625001 0.306067846875 0.6241962328125
9 0.4919937375 0.3398542015625 0.5267796609375 0.48797860625 0.699372615625 0.47283561250000006 0.69222161875 0.32937030625 0.4919937375 0.3398542015625
9 0.695797115625 0.330392721875 0.6960831171875 0.47417673281250006 0.878147509375 0.4930578453125 0.8793393421875001 0.3171182265625 0.695797115625 0.330392721875
9 0 0.274237378125 0.1594724328125 0.2756680609375 0.1868845828125 0.26726501874999997 0.2440925484375 0.2551019078125 0.242907590625 0.1889899328125 0.153596084375 0.19313617968750002 0 0.2009269578125 0 0.274237378125
9 0.70976419375 0.668317459375 0.515864634375 0.659493275 0.5233947140625 0.7585933578125 0.532807315625 0.7863025140625 0.5572800734375 0.78891919375 0.5789290546875 0.7841613328125 0.61563819375 0.7871481499999999 0.6514060734375 0.7929932765625 0.6852914328125 0.8045550234375 0.7012928515625 0.7906773046875 0.70976419375 0.668317459375
9 0.52621849375 0.535169625 0.513982115625 0.54793435 0.5177471546875 0.657529471875 0.560103853125 0.66119230625 0.6297570953125 0.6654643203124999 0.7050578953125 0.6675977421875 0.7125879734375 0.59875924375 0.7135292343749999 0.5489907140625 0.5939892140625 0.5451582625 0.52621849375 0.535169625
9 0.8123615328125 0.67856569375 0.7172942734375 0.670782490625 0.7107054515625 0.672026578125 0.708822934375 0.7190241921875 0.70505789375 0.75391254375 0.6965865546875001 0.8012160390625 0.7474145921875001 0.798856371875 0.804831453125 0.7990054328125 0.8443643734374999 0.8046757703124999 0.8763672124999999 0.815386709375 0.8923686328124999 0.8127674421875 0.9008399734375001 0.7448234499999999 0.9017812328125 0.6809818546875 0.8123615328125 0.67856569375
9 0.863189571875 0.5542394578125001 0.7154117531249999 0.5460887046875 0.7125879734375 0.6062648765625 0.7116467140625 0.6682300640625 0.7464733328125 0.6741188874999999 0.7916538125 0.6738978140625 0.8528357140624999 0.6813777203125 0.898957453125 0.6801747421875 0.9083700531250001 0.6253219140625 0.914958875 0.560279928125 0.863189571875 0.5542394578125001
9 0.1845411125 0.5632285 0.21842647343750002 0.5625935921874999 0.2400754546875 0.5578357296875 0.27113703437500003 0.5629611421875 0.257018134375 0.42851517499999997 0.217485215625 0.43128867968750007 0.1544207953125 0.4351546203125 0.115829134375 0.439760834375 0.08853259531249999 0.44102806406250006 0.063118575 0.4450225125 0.0697073953125 0.48599761875 0.0781787359375 0.5146886765625001 0.08476755625 0.5378379046874999 0.0810025140625 0.5530239640625 0.0857088140625 0.5743841749999999 0.1261829953125 0.5631231359375 0.1563033125 0.5654776328125 0.1845411125 0.5632285
9 0.21842647343750002 0.35337401874999996 0.164774653125 0.35586477968749997 0.048058415625 0.3603450734375 0.0508821953125 0.37428704687500003 0.057471014062500006 0.40588011249999995 0.063118575 0.442207896875 0.0988864546875 0.43960918437499996 0.1421844140625 0.43666089374999995 0.21748521406250002 0.430350475 0.2636069546875 0.43102390625 0.261724434375 0.3945213296875 0.256076875 0.3535025234375 0.21842647343750002 0.35337401874999996
9 0.2598419140625 0.431198696875 0.2673719953125 0.4908941953125 0.2692545140625 0.5273967703125 0.2749020734375 0.5599717390625 0.3342014546875 0.55815699375 0.41326729531249995 0.561992034375 0.44150509375 0.566310334375 0.44150509531250004 0.4330853125 0.4104435140625 0.42889810781250004 0.334201453125 0.42962299843749996 0.291844753125 0.430651184375 0.2598419140625 0.431198696875
9 0.336083975 0.348850028125 0.297492315625 0.3506416265625 0.278667115625 0.34963916875 0.2589006546875 0.3533714296875 0.2636069546875 0.39818675312499996 0.265489475 0.4309365109375 0.378440675 0.4275692125 0.44056383437499996 0.4331290109375 0.4396225734375 0.3881388984375 0.4377400546875 0.3422542796875 0.392559575 0.3443517625 0.336083975 0.348850028125