0 0.68689284375 0.7708862812499999 0.644342240625 0.7636942578125 0.522168125 0.77960138125 0.5085742046874999 0.786368 0.5055760109375 0.8134143046875 0.5185203703125 0.8917814890625 0.6628218015625 0.9052691140625001 0.6741928765625 0.8709681874999999 0.6909648203125001 0.8644986156250001 0.692543434375 0.77784420625 0.68689284375 0.7708862812499999
7 0.3203549 0.688403259375 0.29969254218749997 0.643071003125 0.30410165 0.603297021875 0.28679541249999996 0.57113800625 0.26472387343750003 0.553000578125 0.2414125828125 0.5025984015625 0.2002676953125 0.4392772390625 0.1845522046875 0.4217338984375 0.1626587609375 0.4164726671875 0.1238187421875 0.43373912031249995 0.10757762343749999 0.44990297031250004 0.096278171875 0.450454271875 0.0701502515625 0.4689089046875 0.0452586140625 0.49069397812500004 0.0401405796875 0.5078974859375001 0.08252348281250001 0.5890162421875 0.11307091250000001 0.6175905609375001 0.1219012625 0.6393126875 0.1309062421875 0.6449766984374999 0.16340234375 0.728386240625 0.1671129265625 0.75284471875 0.17329261093749998 0.7550297687499999 0.1920045640625 0.7310596453125 0.233668146875 0.702805 0.2668593078125 0.6930477749999999 0.3203549 0.688403259375
7 0.247112109375 0.1141297546875 0.2233610296875 0.144058653125 0.221246390625 0.17761731875 0.23837453125 0.19690013906249998 0.26309326875 0.2056403328125 0.265389471875 0.21389217343750003 0.304411053125 0.23843622656250002 0.4197052265625 0.27010935625 0.44442049843750003 0.2499152421875 0.47425380468749995 0.21251762031250002 0.47795745624999997 0.179107478125 0.46082931718750003 0.15982465625 0.4278110546875 0.1390566140625 0.42415284375000006 0.1306774671875 0.247112109375 0.1141297546875
0 0.22708374375 0.26978721562499997 0.22320372812499997 0.30478831875 0.2390973171875 0.335207853125 0.256578184375 0.3513087546875 0.271766315625 0.38809212656250003 0.33586803125000003 0.4905302296875 0.35334716718750003 0.4921639765625 0.43755788593749995 0.44216704531250006 0.331778725 0.2522463453125 0.29258077656250003 0.2292932515625 0.263625828125 0.229801765625 0.2475576078125 0.215440346875 0.241026928125 0.230904371875 0.24403031875 0.24725952968749998 0.22708374375 0.26978721562499997
0 0.3651549140625 0.3132339359375 0.435261684375 0.4339152046875 0.44285401718750006 0.43783973437499996 0.48169056875000005 0.3916389703125 0.4933392828125 0.358971440625 0.4539632390625 0.32314215156250004 0.43895147031250004 0.284767821875 0.380861740625 0.2584415 0.3651549140625 0.3132339359375
0 0.52424290625 0.41329815 0.505176490625 0.4259830359375 0.497585890625 0.4365256609375 0.48540461874999996 0.44503175781250004 0.4636927375 0.48158103125 0.46298728125000005 0.4879448703125 0.46581257656249997 0.4914238328125 0.4783483125 0.4942029703125 0.5170119671875 0.4785274765625 0.544025175 0.4810523578125 0.55267569375 0.47543113281249993 0.564151509375 0.473288871875 0.57474376875 0.46463425 0.5800381671875 0.4458397859375 0.5731512921874999 0.4355514171875 0.55531769375 0.4226324359375 0.5337769796875 0.414189284375 0.52424290625 0.41329815
3 0.48858784218749995 0.48873026875000003 0.4797609609375 0.49594245312499996 0.4870005625 0.5030489031250001 0.552858990625 0.5317087953125 0.6173065046875 0.573096359375 0.6268405765625 0.57398749375 0.633193159375 0.5456472734375 0.6296589406249999 0.5195978375 0.6218885109375 0.5027971109375 0.6031713578125 0.48336576875 0.5939900140625001 0.47929271562500003 0.5685658171875 0.47691635625 0.5487922125 0.48149792500000005 0.5170119671875 0.4785274765625 0.48858784218749995 0.48873026875000003
8 0.3457686984375 0.6039766875 0.37367239375 0.6708825484375 0.384800678125 0.715323671875 0.419233321875 0.75229835 0.44166105624999996 0.796188171875 0.4769737890625 0.8107409000000001 0.5057523734375 0.8118233453125001 0.5110450390625 0.778561725 0.55023951875 0.7725805078125 0.5532394484375 0.76000135625 0.5246337578125 0.72839364375 0.49990808906249995 0.661784828125 0.4105637390625 0.5987808703125 0.35600476406250003 0.569569675 0.345766965625 0.5895095328125 0.3457686984375 0.6039766875
8 0.42700329843749996 0.8832275375 0.437960871875 0.8585326249999999 0.44219361562500004 0.8203496046875 0.436186828125 0.7876392859375 0.42064597031249995 0.7540378328124999 0.39062763437500003 0.7206906375 0.36202368125 0.7035500796874999 0.33271426875 0.6927733578125 0.288221925 0.688614728125 0.22537035625000001 0.7052443046875 0.17399806874999998 0.7486659312499999 0.1526406515625 0.7965004421875 0.1487606359375 0.83150154375 0.1533541953125 0.8576499953125 0.42700329843749996 0.8832275375
8 0 0.8433162265625 0.15229485468749998 0.85755098125 0.1491133640625 0.828319625 0.1526406515625 0.7965004421875 0.168701940625 0.7529932421875001 0.1522757921875 0.6984122734375 0.14009278593750002 0.6924512171874999 0.1284406078125 0.6961844375 0.1183791734375 0.7145333375 0.10831600625 0.7184150781249999 0 0.7472709609375 0 0.8433162265625
8 0 0.7480839296874999 0.0468770859375 0.7367841390625001 0.060823737499999996 0.726835603125 0.081657259375 0.7271754359375 0.1148484203125 0.717418209375 0.13179499687500001 0.694890525 0.1466252 0.6914543484375 0.14397453437500002 0.6719172703125 0.13355690625 0.6645137765625 0.072290884375 0.652357565625 0 0.6443588359375 0 0.7480839296874999
8 0.8696171250000001 0.6866962734375 0.83607496875 0.714102571875 0.8039489265625 0.7721826640625 0.7953053406249999 0.8356725078125 0.8011340296875 0.8555066296874999 0.8295633515624999 0.888705303125 0.9285995859374999 0.9301109343749999 0.9356779124999999 0.9307725328125 0.96098871875 0.7024471609375 0.910047890625 0.6840454984375001 0.8696171250000001 0.6866962734375
8 0.7612028984375 0.6074428921874999 0.7624409125 0.6252404890625 0.774802015625 0.644077740625 0.8168252578124999 0.6705097984374999 0.8279483453125 0.671549453125 0.8371279578124999 0.6611553515625 0.8498400546875 0.6623435296875 0.8687301062499999 0.6512496046875 0.8809096437499999 0.6282763499999999 0.9569937390625001 0.5357263015625 0.9576974640625 0.514895309375 0.9349187328124999 0.4886545625 0.8973097984375 0.4658499921875 0.8752399890625 0.46217971875 0.8559972109375 0.4764555640625 0.7612028984375 0.6074428921874999
8 0.6381296296875 0.48663326093750003 0.6236538875 0.501354675 0.6317805125 0.5439077921875 0.6264878484375 0.5771694125 0.7137123578125 0.630330571875 0.7463744265625001 0.6253462234375 0.819985953125 0.526135290625 0.8311003749999999 0.4548391734375 0.8259788765625 0.44310836875000004 0.8107942109374999 0.43525930781250005 0.7980838453125 0.4485382828125 0.765067315625 0.44223739531249995 0.7158096671874999 0.4521003546875 0.6381296296875 0.48663326093750003
8 0.99345548125 0.18388926875 0.8430511984375 0.169831221875 0.8137664093750001 0.19120567500000002 0.79699793125 0.22660955624999998 0.8091809359375001 0.2325706140625 0.8556219531249999 0.291564465625 0.8769863046875 0.3015985765625 0.9273038703125 0.296657015625 0.98168475 0.312992015625 0.9881996093750001 0.31287759843749996 0.99345548125 0.18388926875
10 0.06114700468749999 0.47771204687499996 0.1202879875 0.43662399374999994 0.194598040625 0.2731806046875 0.22654771718750003 0.2166914734375 0.224955240625 0.187608640625 0.1919335125 0.1379062859375 0.1944026125 0.11563285781249999 0.1868102796875 0.1117083265625 0.1181421546875 0.20977386875 0.0976665578125 0.24965358124999998 0.008713064062500001 0.5017451171875 0.041022403125 0.4999426890625 0.06114700468749999 0.47771204687499996