10 0.584012040625 0.5443805703125 0.625988875 0.544838425 0.642993725 0.55810598125 0.7220103124999999 0.5556277374999999 0.9121723890625001 0.48046196874999997 0.9577437046874999 0.41318272968749997 0.8678027671875 0.293767153125 0.8294029296875 0.26815835312499997 0.81102051875 0.268932046875 0.7542207875 0.2866830921875 0.579428553125 0.347960228125 0.5629531671875 0.381599090625 0.5524912734375 0.46985859375 0.5513798999999999 0.5038042078125 0.5713944078125001 0.5372843953124999 0.584012040625 0.5443805703125
10 0.812504025 0.6651682 0.8561566609375 0.593414559375 0.8377771609375 0.5870905625 0.810903978125 0.5528397125 0.77057380625 0.5511472765625001 0.5702859484375 0.564132315625 0.5647960984375 0.570613475 0.5908357515625 0.6303235359375 0.6415724609375 0.67861260625 0.6632452890625 0.6824674468749999 0.7998805671875 0.6722674046875 0.812504025 0.6651682
10 0.4048792 0.48592326249999995 0.4317669515625 0.4846856546875 0.51711275 0.43607165937500003 0.5336027046875 0.3669443375 0.5289434671875 0.35506397968750003 0.468607528125 0.298598284375 0.45325225625 0.2769984578125 0.381114734375 0.23056352656249998 0.3657478078125 0.2373544671875 0.3588774796875 0.26497456875 0.3459761796875 0.280560178125 0.338275234375 0.326541796875 0.396119325 0.43809204687500003 0.395010865625 0.46493996875 0.40158878593749997 0.4812947296875 0.4048792 0.48592326249999995
10 0 0.46805062187499996 0.020231925 0.47393420624999993 0.045464271875000004 0.49522425468750003 0.06220002031250001 0.49568513750000004 0.10143921250000001 0.48163934375000006 0.26306395781249997 0.416043453125 0.27431567968750004 0.4087901140625 0.2910630828125 0.38086023125 0.33140490625 0.3541618984375 0.3341542046875 0.3402747828125 0.3078250515625 0.317441890625 0.291647903125 0.2929105078125 0.1605286984375 0.232750165625 0.1352876109375 0.23275319374999998 0.07052948906249999 0.255288421875 0.06503963593749999 0.26176957968750003 0.046932153125 0.2611545625 0.0109470140625 0.2729295875 0 0.328224625 0 0.46805062187499996
10 0 0.5111527484375 0.0361938625 0.511635371875 0.09268391875000001 0.5012815765624999 0.1409449359375 0.486662890625 0.18565489531249998 0.47331531875 0.25845501406250004 0.43890728437500004 0.2925169421875 0.4168477109375 0.29818068593749997 0.3799063625 0.28348956875 0.39161659375 0.270570553125 0.41104149375 0.2478104078125 0.4218450609375 0.20019285781249999 0.4415464125 0.1411152296875 0.4649704375 0.09139870156249999 0.4869411265625 0.054759484375 0.4970202515625 0.036687603125 0.488309140625 0.0184557125 0.476239809375 0.0000603828125 0.469162478125 0 0.4691058265625 0 0.5111527484375
10 0.0109298703125 0.2730161875 0.0480785046875 0.259947271875 0.062119298437500005 0.259854825 0.0692231296875 0.2531374859375 0.09456399062500001 0.24596414375000003 0.1312049234375 0.23170990625000001 0.1476664265625 0.231889459375 0.17235696875 0.236333896875 0.18786184374999998 0.2080138828125 0.2020729328125 0.18622897968750002 0.221224625 0.15723315625 0.0379293984375 0.1366374515625 0.0109298703125 0.2730161875
10 0.3654273671875 0.506876171875 0.3429752453125 0.5536219734375 0.3168000578125 0.627506453125 0.349559628125 0.6328575578125 0.362483784375 0.60090731875 0.3951107671875 0.536098396875 0.4141684125 0.5023321546874999 0.43289747187499994 0.4827250328125 0.3886743953125 0.48944682500000003 0.3654273671875 0.506876171875
8 0.30773181875 0.5445680234375 0.3193944796875 0.5387804625 0.3225590828125 0.5157125859375 0.327229975 0.499202178125 0.3271012515625 0.47860345937500004 0.280049871875 0.47544600312499996 0.225861975 0.4800042875 0.194307703125 0.48710576562499996 0.200331390625 0.5168844874999999 0.206494 0.54242000625 0.227478046875 0.5532954703125 0.2871543390625 0.545804875 0.30773181875 0.5445680234375
8 0.165227796875 0.4817088375 0.14849059375 0.48479679999999997 0.0882615265625 0.5021625109375 0.0492987203125 0.511270746875 0.025699928125 0.520685734375 0.017327684375 0.5311018296875 0.032545490625 0.5533960125 0.04735381875 0.5706755703125 0.0885102328125 0.5646530249999999 0.153538915625 0.5513756234375 0.1719242421875 0.5435042375 0.1700084734375 0.5319321453125 0.171935896875 0.515113471875 0.169057875 0.50840186875 0.17180425625 0.5016124453125 0.1719460921875 0.49027155 0.165227796875 0.4817088375
8 0.94840920625 0.42845931562499995 0.9278229859374999 0.4509892421875 0.9151922453125 0.4758326765625 0.8976287953125001 0.48663561875 0.86854160625 0.498982921875 0.8367109484374999 0.51102195625 0.81831688125 0.5401864171875 0.8183110546875 0.5543817984375 0.8335288609375 0.57667598125 0.86893069375 0.5536813859375 0.9150445843749999 0.5013689515624999 0.94455145 0.46919435624999994 0.9585510125000001 0.4516027453125 0.9536153890625 0.4446599421875 0.96075190625 0.43694420625 0.94840920625 0.42845931562499995
8 0.8546358062499999 0.62234555 0.8778149203125001 0.6327578593750001 0.8948226859374999 0.638927721875 0.918830959375 0.634527359375 0.9464772796875 0.618833640625 0.960202709375 0.549504396875 0.9626327124999999 0.533688596875 0.9664115375 0.5181426578125 0.9688419296875 0.505866375 0.9690220828125 0.502773271875 0.9405576859375 0.5070749046875 0.914077959375 0.5168759828125 0.9010377374999999 0.5367047921875 0.8885502875 0.5466584890624999 0.8696151015625 0.5573072984375 0.85616685625 0.5685726390625 0.8491634343750001 0.586240559375 0.857254921875 0.591408559375 0.8514872265625 0.606376121875 0.8546358062499999 0.62234555
10 0.958002609375 0.45083132187499997 0.9486681125 0.4661079078125 0.931787615625 0.48408560781250004 0.9527672921875 0.5056076109375 0.9691813687499999 0.500038425 0.9786734625 0.3370654671875 0.9742380296875 0.333408871875 0.9605235921874999 0.3247698515625 0.9219731828125 0.3317950203125 0.8938511609375 0.3321841375 0.91757139375 0.3611120984375 0.9563719703125001 0.413028596875 0.9479982687499999 0.4269935375 0.9625360359374999 0.43501527187500005 0.954987125 0.44481407656250005 0.958002609375 0.45083132187499997