0 0.7131470640625001 0.6891712328125 0.7596914484374999 0.7044039890625 0.8066058421875001 0.704824646875 0.9177234671875001 0.6847437109375 0.9606961234375 0.665736284375 0.9699182828125 0.5218264687499999 0.96265041875 0.397219534375 0.8106945031249999 0.1155530171875 0.6075384765625 0.1297388671875 0.6043851109375 0.13612 0.6020340281250001 0.2015901625 0.660710228125 0.4882894578125 0.6766015828125 0.63381024375 0.686134659375 0.6491630265625 0.6897377765625 0.6686264468750001 0.7131470640625001 0.6891712328125
0 0.6513532296875 0.7932934046875 0.724075328125 0.791911978125 0.8007110984375 0.77300663125 0.8342624453124999 0.7558775671875 0.8482223531249999 0.741348709375 0.8483060515625 0.7216278484374999 0.8531502281250001 0.720057403125 0.8581496796874999 0.6999932875 0.7954022421875 0.7031425875 0.7296243046875001 0.6966459890625 0.7015855765625 0.68135321875 0.689594621875 0.666172065625 0.6834620499999999 0.64565308125 0.6775199703125 0.6707117734375 0.66015955625 0.69040683125 0.621978765625 0.7127879125 0.5845258734375001 0.726492846875 0.5903005546875 0.7408758765625 0.5918752625 0.7678740671875001 0.606252515625 0.7816564046875001 0.6513532296875 0.7932934046875
0 0.7326778984375 0.7913112828125 0.736567325 0.815683465625 0.7518872062499999 0.8244712265624999 0.7892564015625 0.8304871546875001 0.8434012718749999 0.82793855 0.9151928640625 0.8106036484375 0.9475868515625001 0.7947875890625 0.95276894375 0.7894382015625 0.9546995328125 0.7593117765625 0.950796865625 0.7440437125 0.9234860296875 0.7200747953125 0.92451235625 0.6953593578125 0.918952403125 0.6846578984375 0.82865515625 0.7020528125000001 0.8475065781250001 0.7290768046875 0.8481507765625 0.74012151875 0.8389634656249999 0.7518527421875 0.8127141734375 0.767239734375 0.7326778984375 0.7913112828125
0 0.7167016984375 0.7924268609375 0.7776475796875 0.77954585 0.8331050843750001 0.757190571875 0.8482223531249999 0.741348709375 0.84960656875 0.722769225 0.8609654453125 0.7059576125 0.8593070421875 0.6986802828124999 0.779354465625 0.7030309734375 0.723336459375 0.6946206765625 0.694939840625 0.6731919546875 0.6858483484375 0.6442542640625 0.6821615343749999 0.6445117046875 0.678605753125 0.6681715765625 0.66015955625 0.69040683125 0.6172061671875 0.715585546875 0.58561165625 0.72395265 0.5918036843750001 0.766646878125 0.6049519984375 0.7805150265624999 0.6525821671875 0.7932075921874999 0.7167016984375 0.7924268609375
0 0.648695034375 0.5150044078125 0.5922740984375 0.2035038625 0.5756779421875 0.15167861875 0.5556562078125 0.1333616671875 0.41046941875 0.1434996765625 0.4063828671875 0.147481596875 0.3963245078125 0.165434584375 0.38624190468749997 0.22528367500000002 0.3605375484375 0.6731307984375 0.37570215625 0.70041223125 0.41270134374999995 0.7212402578125 0.4776082265625 0.733958621875 0.5318246734375001 0.732637209375 0.56862125 0.7288356125 0.6148198671875 0.716984365625 0.662474278125 0.687780825 0.67744839375 0.66948458125 0.6813620593749999 0.6519606609374999 0.6735710859374999 0.624164346875 0.6717100703125001 0.5922573953125 0.648695034375 0.5150044078125
0 0.6188160890625001 0.8066550843750001 0.6202718796875 0.7893027906250001 0.5957768078125001 0.7712981984375 0.5710075484375 0.7274367953125 0.493584428125 0.732843046875 0.4340943390625 0.7283717609375 0.4349411484375 0.7640460984375 0.3969750921875 0.79010875 0.39646192812500003 0.8024664687499999 0.40339397187500003 0.815536496875 0.411268646875 0.8236119484375 0.43772055156249995 0.8328545796875 0.4886796484375 0.83915375 0.523161503125 0.8379781609375 0.5770200609375 0.8305207953125 0.6035556625 0.8200425656249999 0.6188160890625001 0.8066550843750001
0 0.6021835703125 0.8176739968750001 0.52330465625 0.8404325421875001 0.5230778046875 0.857699021875 0.5435281703125 0.8698251015625 0.5832120890625 0.873215021875 0.6323696265625001 0.86978248125 0.6739388015625 0.86318325 0.7051038484375 0.8474530031249999 0.70698910625 0.8374638515624999 0.6984107765625 0.79616844375 0.619042940625 0.7893886046875 0.61520085 0.8081397140625001 0.6021835703125 0.8176739968750001
0 0.41003970624999997 0.8236977624999999 0.3991345375 0.8059764125 0.3969750921875 0.79010875 0.32106721718750003 0.80033795 0.32104297656249997 0.8422340546875 0.314241965625 0.8525664578125 0.3161151015625 0.8635253593750001 0.3226176828125 0.86923224375 0.360201609375 0.8789297453125 0.42432114218750006 0.8781490125 0.4865675359375 0.8664093796874999 0.4935117015625 0.85853135625 0.49301066093749996 0.8499410234375 0.4763186859375 0.8387846953125001 0.41003970624999997 0.8236977624999999
0 0.22529371718750002 0.78731054375 0.2889000859375 0.7988875296875 0.361550609375 0.7962789156250001 0.41382234218749997 0.7827714078125 0.43269800468749997 0.7678992984375 0.437983765625 0.75274394375 0.43481011406250003 0.7406436656250001 0.41776025156249996 0.723351384375 0.374258484375 0.6968164734375 0.364439096875 0.6765549281250001 0.3662539234375 0.5384230859375 0.38390294062499997 0.26980578906249997 0.3803714015625 0.2515695578125 0.3453885046875 0.2441548125 0.32326761249999997 0.24569945624999998 0.29543149375 0.25503630781250003 0.27879897656249997 0.26605522187499997 0.2638964390625 0.2855786546875 0.17457359374999998 0.7427968421875 0.17803355781250002 0.7598058812499999 0.188580840625 0.7713912796875 0.22529371718750002 0.78731054375
0 0 0.8237992671875001 0.054017567187500004 0.8337715843750001 0.1033898375 0.8340206140624999 0.1436584953125 0.82628000625 0.1682493859375 0.803615684375 0.1774488171875 0.770936409375 0.1747883265625 0.7464784125 0.23271812343749998 0.449172453125 0.241285478125 0.3845004140625 0.239853928125 0.3599566046875 0.2225893328125 0.3389827515625 0.1895632703125 0.322806046875 0.1482209484375 0.312138796875 0.1260284796875 0.31245624843750003 0.0981207828125 0.3205659109375 0.08626086250000001 0.328787190625 0.0702725421875 0.3508508171875 0.030515900000000002 0.473149209375 0 0.55010485625 0 0.8237992671875001
0 0.29456683125 0.8748875265624999 0.3098272546875 0.861500046875 0.3086820140625 0.8418649984375 0.316354075 0.825310828125 0.3173804015625 0.800595390625 0.24408568125 0.7921592937499999 0.2012996890625 0.7778962859375 0.18337877656249998 0.7668257703125 0.174191465625 0.77855699375 0.1675930671875 0.8135190218749999 0.1510321265625 0.825765125 0.1278970296875 0.831077153125 0.1274554421875 0.8446620625 0.12181179375 0.8536814640625 0.1249138671875 0.8645545515625 0.13517484062500001 0.8712311843749999 0.18273343125 0.882696559375 0.273889609375 0.8800279281250001 0.29456683125 0.8748875265624999
0 0 0.8740740953125 0.0231982875 0.876585834375 0.0957772328125 0.872750028125 0.1111808125 0.8618169265625 0.11270818281249999 0.845691825 0.118065521875 0.8317636609375001 0.087342059375 0.833909 0.04151345 0.8309481468750001 0 0.822149228125 0 0.8740740953125