9 0.700994503125 0.5762095609375 0.7336873953125 0.5797931140625 0.7375970265625 0.5780915015625 0.7422935890625 0.5529815765625 0.7578974796875 0.4780433515625 0.7459722734375 0.479675878125 0.7295068390624999 0.4797028296875 0.7035115890625 0.479269121875 0.68422788125 0.479615340625 0.6688386484375 0.4808453265625 0.6560424078125 0.48323901406249997 0.637180334375 0.48557457968750006 0.621144128125 0.48629818281250003 0.608579515625 0.48613166406249997 0.6005677078125 0.48541622812499996 0.5900913125 0.48529403593750003 0.5858978453125 0.507754359375 0.586181859375 0.532557546875 0.5878049359374999 0.5485478078125 0.5872761453125 0.5655692343750001 0.5881159921875 0.56800284375 0.62633209375 0.5710574562499999 0.6560511421874999 0.5712761796875 0.700994503125 0.5762095609375
9 0.5115489 0.6151541375 0.5292828046875 0.614236378125 0.547466115625 0.61520380625 0.5628884249999999 0.6158503875 0.55352601875 0.602619046875 0.5505925328125 0.5924259937499999 0.543540309375 0.577859271875 0.5282412625 0.556147965625 0.520256659375 0.54353496875 0.5131870171874999 0.531944790625 0.5074777921875 0.5239494953125 0.5024655296875 0.5148895812500001 0.445340428125 0.5192490140625 0.414899675 0.5276258125 0.3922992125 0.533935184375 0.38812085937499996 0.5356356421874999 0.39427750625 0.5499743546875 0.401613403125 0.5554092390625 0.419451409375 0.576040871875 0.44206893750000004 0.6061635921875 0.46036042187500004 0.62799351875 0.473508690625 0.6237934375 0.4951794703125 0.6189798921875 0.5115489 0.6151541375
9 0.4647913453125 0.7026607874999999 0.45111296718749994 0.6918205890625 0.4313597578125 0.683089865625 0.4084106546875 0.6679547218749999 0.3540258890625 0.637502628125 0.3073622078125 0.5999037140625 0.286399621875 0.5906302390625 0.2148210765625 0.6737067046874999 0.2349161359375 0.686002753125 0.280037171875 0.7109540890625 0.337622475 0.747006753125 0.3839316578125 0.7761182015625 0.390025365625 0.770793290625 0.40099167500000005 0.761610365625 0.416443190625 0.7457089875 0.4647913453125 0.7026607874999999
9 0.358175528125 0.34947805625 0.3444280921875 0.34963430624999997 0.34904613281249997 0.343506540625 0.33995981249999996 0.3301740546875 0.2553331 0.33577324218750004 0.2373383125 0.33894351875 0.223273515625 0.333099984375 0.22430592031250002 0.33816165 0.23576066406249999 0.3615508 0.321218409375 0.46093412031250003 0.3853703671875 0.46067231093750005 0.42625224375000004 0.46156472187500003 0.4294243890625 0.4615825796875 0.39418296875 0.4003134359375 0.3637846234375 0.35468976093750004 0.358175528125 0.34947805625
9 0.4636727234375 0.3726879890625 0.43371876875000004 0.387197796875 0.40096528749999993 0.40998648906249996 0.413055809375 0.42586228437500007 0.4251783515625 0.43626634375 0.43885358906249994 0.44997964531249995 0.450934965625 0.4674187609375 0.46183583125 0.4851117875 0.47937450156250005 0.510224890625 0.546217878125 0.487858890625 0.5443652578125 0.4857069390625 0.5088311390625 0.4463784796875 0.49713793125 0.42976669375 0.510155734375 0.42150191406250004 0.5550707 0.40247301718750006 0.526631134375 0.3596669 0.4636727234375 0.3726879890625
9 0.6066439921875 0.3873467484375 0.5720067906249999 0.3962279984375 0.49792341406249996 0.4298579734375 0.5779493921875 0.52246219375 0.5848540468750001 0.5197092578125 0.5899582125 0.48513863749999997 0.621786675 0.48609962968750003 0.6882409625 0.4801335296875 0.67465491875 0.45117762343749995 0.6512890875 0.41443650937500004 0.62320795625 0.3775385515625 0.6066439921875 0.3873467484375
9 0.7386335859375001 0.38923640000000004 0.7179357937499999 0.38774701875 0.7429782171875 0.35448263125 0.7468791296874999 0.31692982187499996 0.754415790625 0.2871260203125 0.7021817734375 0.327762346875 0.6702659828125 0.35610685000000003 0.6323429515625001 0.3887902359375 0.66200436875 0.43115902031250003 0.692235396875 0.45481990000000005 0.7111152421875 0.4524348234375 0.7369863078125001 0.434835465625 0.7315299359375 0.4236696203125 0.730677159375 0.41212290156250003 0.735821015625 0.39806765624999996 0.7386335859375001 0.38923640000000004
9 1 0.3409779125 0.9770513203125001 0.3165912140625 0.970072165625 0.3087895578125 0.9425791765625 0.36524806249999997 0.9378746265625001 0.368895709375 0.9084423156250001 0.3566206984375 0.8415125015625 0.28935822187500004 0.8231479890625 0.286775675 0.7851160140625 0.3079536078125 0.761519509375 0.334420746875 0.902866390625 0.42914130781250004 0.94421140625 0.406449428125 0.984193278125 0.376608471875 1 0.362523015625 1 0.3409779125
9 0.89347084375 0.45803421718750004 0.8735115578125001 0.42033268437500004 0.76132500625 0.475933759375 0.7528399296875 0.5148467890624999 0.7971888828125 0.5721173109375 0.8482802921875001 0.544584940625 0.8916361500000001 0.52523824375 0.9258664671875 0.5053091890625 0.91253975 0.48367883437500003 0.89347084375 0.45803421718750004
9 0.76481873125 0.5532028625 0.7584204734375 0.5377515296875 0.74836321875 0.5315606203125001 0.73797661875 0.5816515843750001 0.651517828125 0.5719632140625001 0.651574253125 0.5737732156249999 0.7167095375 0.6430336718749999 0.7304782125 0.63100205625 0.8154861406249999 0.5806144046874999 0.8065326781250001 0.5706057703125 0.7996756265625 0.5719612890625 0.7928436921875 0.5690150125 0.7762330015625001 0.5739005421875001 0.76481873125 0.5532028625
9 0.964714928125 0.6035463515624999 0.9675405781249999 0.581085375 0.9713680421875001 0.5600813828125 0.9501244203124999 0.5646506 0.9403841796875 0.56016734375 0.9323305390625001 0.5552098046875 0.9098211031250001 0.5458913078125 0.897738709375 0.538789928125 0.8885105828125001 0.537821 0.8788969 0.5415340953125 0.8675103312499999 0.545934271875 0.8662676109375 0.54630403125 0.865022209375 0.547133921875 0.8611187921875001 0.549948721875 0.8597576765625 0.5506906703125 0.8513669593750001 0.55477876875 0.844639159375 0.5589115703124999 0.837212796875 0.5646925140625 0.8463967625000001 0.5723887125 0.8475966187499999 0.589936378125 0.8481873906249999 0.6040807796875 0.8417283484375 0.6143897296875 0.8338584125 0.635594234375 0.90962656875 0.6366908765625 0.9483490609375 0.63783933125 0.964714928125 0.6035463515624999
9 1 0.61820885625 0.9947961843750001 0.6152750859375 0.9607460921875 0.61304181875 0.9476068281250001 0.6385179609375 0.8407972890625001 0.6387456375 0.8434356421875 0.6415014328125 0.9417814171875 0.69673058125 0.965543878125 0.6811069171875 0.9704764953125 0.6767965921875 0.9676539046875 0.6658397359375 1 0.62403725 1 0.61820885625
9 0.761842615625 0.6146327265625 0.7537132421875 0.6225932937499999 0.75684221875 0.6971111125 0.81116748125 0.7197587328124999 0.8465915359375 0.6845197890625 0.869844209375 0.6573462234375 0.8402153109375 0.6395398250000001 0.8238142609375 0.6304522515625 0.777437025 0.6135722421875001 0.7710620359375 0.61771493125 0.761842615625 0.6146327265625
9 0.6709238703125 0.6854011296875 0.6457248484375 0.6965967843749999 0.643312759375 0.7045554921875 0.6266691078125 0.719099371875 0.6263288890625 0.7267102999999999 0.61203191875 0.7444693859375 0.622448725 0.8136778375 0.6272815171875 0.8165671718749999 0.675085559375 0.782692878125 0.66989585 0.7600210734374999 0.6674343390625 0.725896315625 0.664608515625 0.7034992109375 0.6685186671875 0.6921836234375001 0.6709238703125 0.6854011296875
9 1 0.620091584375 0.9681464234374999 0.66688365625 0.9711812109375 0.6772476796875 0.951067978125 0.6938902671875 1 0.7606039906250001 1 0.620091584375
9 0.4582222890625 0.652448871875 0.4617344390625 0.6623306140625 0.46401123125000004 0.6799634328125 0.46395352343749996 0.6898250609375001 0.46390274062500003 0.698503309375 0.4638704265625 0.7040258109375 0.4582493796875 0.7156093453125 0.456207396875 0.7256351125 0.4561242984375 0.7398358625 0.4597748828125 0.749444540625 0.49406498593750003 0.763586759375 0.545510765625 0.78417025625 0.5878764109375 0.7973828359375 0.5924144734375 0.7675157390625 0.5950167625 0.7295290109375 0.5979461640625 0.7034222796875 0.542550296875 0.6800113765625 0.4582222890625 0.652448871875
9 0.842423940625 0.7451696953125 0.833230540625 0.7280532953125001 0.8259155687499999 0.7242854140625 0.8225195453125 0.7195140296875 0.801498203125 0.71755750625 0.7750801296875001 0.7183779796875001 0.775131315625 0.7096304375 0.7858934984375 0.709422165625 0.772229784375 0.7039439062499999 0.7658725093750001 0.70369145 0.766858646875 0.70234713125 0.7644203218750001 0.701091171875 0.7561106843750001 0.7001255328125 0.7463033546875 0.70433520625 0.73456925625 0.7034579265625001 0.7261856796874999 0.7151276249999999 0.72660623125 0.7268478140625 0.752731396875 0.7760827109374999 0.7527114921875 0.77948453125 0.74777228125 0.7876640484374999 0.7482383328125 0.791608646875 0.751162615625 0.793407384375 0.7590033578125001 0.7909144 0.76532650625 0.7969985484375 0.7687481234375 0.7973961625 0.780516346875 0.79244175 0.846618409375 0.7806710781249999 0.8481530656249999 0.7691780968749999 0.8550645484375 0.758309940625 0.86194190625 0.7532734796875 0.853146309375 0.751765065625 0.842423940625 0.7451696953125