10 0.29511967656250004 0.5820374734375 0.37061540625 0.5733023453125 0.40358655 0.5496295578125 0.42651387031250004 0.54404126875 0.42542581406249996 0.5369147046875 0.443151921875 0.5212222093750001 0.41325105781250004 0.409246959375 0.38138020781250004 0.332294153125 0.3137192421875 0.332438621875 0.24342472499999998 0.351277953125 0.1197457578125 0.367919196875 0.0956108421875 0.353616625 0.0747400984375 0.3606937375 0.0634557421875 0.382634334375 0.063847290625 0.397180275 0.0997117640625 0.464346425 0.2204399890625 0.5961175187500001 0.2605164453125 0.5950204171875 0.29511967656250004 0.5820374734375
10 0.12350877812500001 0.5243612828125 0.08467285625 0.521602284375 0.07750165625 0.546520525 0.04325703125 0.5977963765625 0.0457051609375 0.613831140625 0.0536594609375 0.6180047859375 0.23740370156249999 0.6353383328125 0.27309498906249996 0.6294819484375 0.3023445265625 0.6173774609375 0.306099075 0.582062196875 0.24911255156249998 0.6041967140625 0.227425765625 0.6059289031249999 0.161376178125 0.532758021875 0.12350877812500001 0.5243612828125
10 0.1782207359375 0.18300208906249998 0.0024649921875 0.21184086875000002 0.004275621875 0.36744611250000003 0.040408882812500005 0.375458321875 0.06744936406249999 0.372847675 0.0869600359375 0.3568623609375 0.1080698484375 0.375313853125 0.1226183796875 0.374752940625 0.245481303125 0.3527667734375 0.30987809843749997 0.33124262031249996 0.312664128125 0.301565096875 0.303840134375 0.231788303125 0.1782207359375 0.18300208906249998
10 0.741033925 0.3755519078125 0.6826873296875 0.3887782234375 0.6708589453125 0.4071555390625 0.6820115296875 0.4802027953125 0.701542909375 0.5482226734375 0.86626685625 0.5248465890625 0.8799993421875 0.518940753125 0.8806958484375 0.511521371875 0.8353231140625 0.27424565625 0.8042890125 0.2866429625 0.81384245625 0.3252534125 0.788553596875 0.35131820625 0.741033925 0.3755519078125
10 0.7533649265625 0.1927274859375 0.747619684375 0.17906 0.72275531875 0.195923771875 0.6793158609375001 0.24688207968749998 0.684245059375 0.2552046421875 0.7565632109375 0.261601096875 0.7850832984375 0.280662953125 0.81569290625 0.2774666671875 0.843157878125 0.26565499843749996 0.8482725 0.2392479359375 0.85665129375 0.23422056093750002 0.8551716875 0.21254805625 0.8105905203124999 0.19612157187499998 0.7533649265625 0.1927274859375
10 0.42263312031250005 0.15385546562500002 0.42589729218750005 0.17523515 0.44758407812499995 0.173502959375 0.46527724218750005 0.1815574296875 0.509792521875 0.2454778390625 0.523512771875 0.3473241625 0.5803138734375 0.3599192703125 0.6146450890625 0.345154684375 0.6458646109374999 0.2980277515625 0.6562999828125 0.2944891953125 0.6882160125000001 0.2399428828125 0.7433313781249999 0.18158991875 0.7416992921875 0.1709000765625 0.5829308515625 0.11659546093749999 0.4317084203125 0.14140870781249998 0.42263312031250005 0.15385546562500002
10 0.542597146875 0.561519284375 0.656743378125 0.59027278125 0.701542909375 0.5482226734375 0.68150044375 0.45289255156249997 0.668072915625 0.4368330625 0.6230343140625 0.45335456562500004 0.6140785484375 0.478565625 0.5534033625 0.488521478125 0.46852737343750006 0.531668684375 0.481530409375 0.55692919375 0.542597146875 0.561519284375
10 0.47796128125 0.5575148343749999 0.4705839515625 0.5331575046875 0.45960455156249996 0.53313278125 0.4505292515625 0.5455795390625 0.47483735156250007 0.6329046421875 0.5044784375 0.635346096875 0.5281022671875 0.6223384265624999 0.5607684546875 0.6206309609375 0.6144578625 0.6008637218749999 0.62434920625 0.5937618859375 0.6229891359375 0.584853684375 0.580464546875 0.5699160234375 0.47796128125 0.5575148343749999
10 0.0062248625 0.534963403125 0.015128496875 0.5932804625 0.0204821890625 0.5924020046875 0.055629446875 0.582982340625 0.08700144843749999 0.5248727468750001 0.15493442968749999 0.52650991875 0.0849241640625 0.43937873281249995 0.0695925359375 0.4108477625 0.06469627812499999 0.378778234375 0.0043279765625000004 0.37194541718749996 0.0062248625 0.534963403125
10 0.6256471578125 0.350654509375 0.5163971828125 0.353970540625 0.49537396093749997 0.3720303125 0.46860549687499997 0.37642260156249996 0.4402049453125 0.37012504687500003 0.4255368796875 0.357921659375 0.4183986234375 0.3590929359375 0.410139365625 0.3768846140625 0.41297904374999994 0.4074653203125 0.43436087343749996 0.4276984515625 0.5309664187500001 0.43741481875000005 0.65037975 0.4287785921875 0.6528608234375 0.42106639375 0.6380732234375001 0.396098703125 0.63181689375 0.3551209734375 0.6256471578125 0.350654509375
10 0.45008781718749996 0.1712658625 0.43360224687500004 0.18310225468750002 0.4202942515625 0.17980706875000002 0.4197831671875 0.15249682343749998 0.43116998281249996 0.14149705625 0.32075875625 0.1596138203125 0.3334275703125 0.173971528125 0.340706071875 0.269569746875 0.336984465625 0.2811380453125 0.3095194921875 0.29294971406250003 0.3129032 0.3270937015625 0.3732734296875 0.339103171875 0.397255865625 0.3643884046875 0.41304493124999997 0.35997139375 0.4378763515625 0.3668545859375 0.496766975 0.35719155156250004 0.5186062390624999 0.3444766984375 0.5241124109374999 0.3326155796875 0.5203700984374999 0.2601786875 0.51120820625 0.2361141796875 0.47655132499999997 0.188838896875 0.45008781718749996 0.1712658625
10 0.7782377625 0.3676210640625 0.8245498421875 0.3234964984375 0.8197731218750001 0.30419127343749996 0.7930375984375 0.284836596875 0.773407390625 0.28805760937499997 0.756291196875 0.25981945781250004 0.7152462171875 0.2665543 0.7082604375 0.2567429140625 0.675594253125 0.2584503796875 0.60520090625 0.3485306015625 0.6300323296875 0.3554137921875 0.63601664375 0.39460988124999996 0.6515007515625 0.41215819218750005 0.6660492796875 0.411597278125 0.6954512953124999 0.3885101296875 0.743906546875 0.3823856484375 0.7782377625 0.3676210640625
10 0.6296285421875 0.44862000625 0.6533719078125 0.4483766375 0.6679533796875 0.42406876093749996 0.6197701421875 0.43197487968750004 0.46687458125000003 0.43697365 0.4423151734375 0.431872096875 0.4229569796875 0.43687475 0.4445119953125 0.5301304140624999 0.40467460781250003 0.55675611875 0.3372527109375 0.5824291921875 0.338884796875 0.593119034375 0.3513767484375 0.5910692984375 0.5238818109375 0.49884432500000003 0.6161351265625 0.4800544453125 0.62497135625 0.442079084375 0.6296285421875 0.44862000625