9 0.322402259375 0.175855078125 0.3179820875 0.181603421875 0.1101132890625 0.1682081859375 0.08160212812499999 0.38069160156250004 0.31912628125000003 0.3888999921875 0.322402259375 0.175855078125
9 0.487714590625 0.3728755828125 0.5141245421875 0.36503709687499997 0.520111875 0.3739403625 0.5300678203125 0.2510373453125 0.51607684375 0.17007602500000002 0.39452675625 0.17728792499999999 0.3203139765625 0.1744965421875 0.315880878125 0.3862483546875 0.487714590625 0.3728755828125
9 0.6635314265625001 0.693025075 0.6910002296875 0.5483286765625001 0.5191461546875 0.5289816765625 0.4631603796875 0.6777331296875 0.6635314265625001 0.693025075
9 0.8504363046875 0.7097943328125 0.8740805703125 0.5321108390625 0.6878734484375 0.5468971671875 0.6672803 0.692076721875 0.8504363046875 0.7097943328125
9 0 0.8036355828125 0.19186956875 0.8171183375 0.20128041562500001 0.7574857390624999 0.1453261859375 0.743859490625 0.1188784046875 0.7347302499999999 0 0.733029190625 0 0.8036355828125
9 0.613544634375 0.2311360375 0.5923919921875 0.225822971875 0.5673512578125 0.22789000937499998 0.5539493109375 0.2556481828125 0.5323634968750001 0.355537771875 0.72908154375 0.35118460625000003 0.7378208671875 0.227432340625 0.7236494671875 0.21304320781250002 0.68785660625 0.22392133125 0.65097324375 0.22898283749999998 0.613544634375 0.2311360375
9 0.533983959375 0.3575649703125 0.5147116328125 0.46814043906249997 0.5252446359375 0.4813172359375 0.5949754890625 0.4728239484375 0.7160260843749999 0.47176358125 0.72210538125 0.42148755781249997 0.72423544375 0.3518007328125 0.6480227453125 0.352185221875 0.5772013921875 0.354861890625 0.533983959375 0.3575649703125
9 0.73702079375 0.34887250625 0.8339580906249999 0.3432476921875 0.9244441109375 0.3429095328125 0.9325107734375001 0.2784231953125 0.9335656218749999 0.20961747968750002 0.9178043312499999 0.206596596875 0.884029403125 0.2166598578125 0.8433751546874999 0.22145638124999997 0.78547164375 0.22025747187500003 0.7345646593749999 0.21668021718750002 0.736424609375 0.2646441390625 0.7352933328125 0.2999612296875 0.7305542296875001 0.34746143281249997 0.73702079375 0.34887250625
9 0.8124232625 0.34747441874999996 0.7669076265625 0.3461893453125 0.7309669875 0.351317096875 0.723165309375 0.41390872500000003 0.7175140546875001 0.474738134375 0.8676412546875 0.469981003125 0.9206833812499999 0.465098315625 0.9232262 0.399267153125 0.921483453125 0.3436581484375 0.875157590625 0.3413594765625 0.8124232625 0.34747441874999996
9 0.045659021875 0.5614596265625 0.070715040625 0.5660903171875 0.098053978125 0.5680114359374999 0.13630810468750001 0.5735695609375 0.19933798281249998 0.5789553625 0.2387998140625 0.582685025 0.2720193375 0.447259690625 0.23998207656249998 0.45170507187500003 0.218829434375 0.4463920078125 0.184758953125 0.4449545265625 0.1566097859375 0.4420198078125 0.1259127203125 0.44368937031250005 0.08670058593749999 0.431367271875 0.0789396859375 0.45282519375 0.08059071875 0.46824784375000006 0.0706793921875 0.49146798281250004 0.058087675000000005 0.52023975625 0.045659021875 0.5614596265625
9 0.22725781718750002 0.6584071218750001 0.23874374999999998 0.61712100625 0.24579633906249998 0.58030668125 0.1992054921875 0.5799027156250001 0.124185209375 0.571761015625 0.0809524921875 0.5677663703125 0.0452615484375 0.5643016890625 0.0344380703125 0.6008510312500001 0.023334325 0.632597359375 0.018518796875 0.6466089375 0.13554880625000001 0.6538760203125 0.18928395781250001 0.6576520109375 0.22725781718750002 0.6584071218750001
9 0.3935234171875 0.5859042015625 0.42542818593750004 0.5824061765625 0.44424189687500004 0.44788186874999997 0.41516529375 0.45157862968750007 0.33491672499999997 0.453592846875 0.2753927515625 0.4503667359375 0.2650992359375 0.48312666406250004 0.2580466484375 0.519940990625 0.24202545312499998 0.5800416984375001 0.2742104875 0.581346690625 0.3167654671875 0.5833803828125 0.3935234171875 0.5859042015625
9 0.417183178125 0.627746690625 0.42448546406250004 0.58233993125 0.36107339843749997 0.5864939203125 0.24768178281250003 0.5804391718749999 0.24115915625 0.61346408125 0.2300859828125 0.6586058578125 0.24948567187499998 0.6628390765625001 0.26860509062500004 0.6622692765625 0.3072566921875 0.664985340625 0.36355502500000003 0.670854778125 0.4088056796875 0.674034559375 0.417183178125 0.627746690625