9 0.19769651093750001 0.3026986171875 0.1624312671875 0.33585997500000003 0.14407692656249999 0.543095078125 0.204279446875 0.5933833046875 0.2390486359375 0.63882505 0.251557846875 0.6314235859374999 0.305069925 0.5747466 0.329822796875 0.5386078484375 0.36608955 0.4576375296875 0.33247444375 0.41133232187499996 0.301061665625 0.3888292328125 0.21315082031250002 0.31071281875 0.19769651093750001 0.3026986171875
9 0.33739240000000004 0.1002968 0.22295258125 0.187876121875 0.22248834999999997 0.1931176546875 0.24088775624999997 0.2165475265625 0.335484484375 0.304344303125 0.35490520000000003 0.3162428046875 0.3673215640625 0.3098896453125 0.43307730468749994 0.224475375 0.48303429062500003 0.1714370796875 0.47750249062499994 0.160893253125 0.3836884578125 0.076426240625 0.366244453125 0.07871025625 0.3633792125 0.0867270203125 0.33739240000000004 0.1002968
9 0.47717103437499997 0.17680269375 0.4381578640625 0.215779996875 0.4386620234375 0.2222546796875 0.5033574890625 0.22181399218750003 0.5090350531250001 0.21854498906250003 0.4790185453125 0.016727696875 0.266736003125 0.009314626562500001 0.2846760078125 0.13582281406250002 0.2920118140625 0.1381650328125 0.2969995265625 0.130517959375 0.3184628546875 0.1193537203125 0.3441312015625 0.09721264375000001 0.36319352031249996 0.0888236328125 0.3706750890625 0.0773530234375 0.3825343765625 0.07728970156250001 0.481283203125 0.1668741640625 0.47717103437499997 0.17680269375
9 0.6180258171874999 0.3993295515625 0.6060337546875 0.3887249625 0.5807897109375 0.39390829374999997 0.4226135953125 0.46428937968749995 0.4219636734375 0.4716275234375 0.4324701984375 0.499005015625 0.4420612484375 0.5123848343749999 0.44763297968750004 0.534644875 0.47557052187500004 0.5842190859375 0.5234329390625 0.65216648125 0.5546600234375 0.67676618125 0.5711625812500001 0.7094459671875 0.579745315625 0.70987641875 0.65050271875 0.6774927640625 0.6957375390625 0.653437359375 0.7166038640625 0.6368467421874999 0.7051020078125 0.572039146875 0.6636729140625001 0.4679555640625 0.6497969890624999 0.44212014999999993 0.6180258171874999 0.3993295515625
2 0.73659175625 0.3624993875 0.7583076484375 0.3971517015625 0.7692384734375 0.4075714453125 0.7969633843749999 0.42304531718750005 0.8091012109375001 0.41983707656249997 0.8326470828125 0.3973263109375 0.85498595625 0.388443528125 0.90710534375 0.34749113593750003 0.9206611312499999 0.34044003749999996 0.9239106343750001 0.3037505671875 0.888002134375 0.25900550624999996 0.8599717453125001 0.2104796 0.8450745124999999 0.196175559375 0.8386142484375 0.196114796875 0.82467241875 0.20752464375000002 0.8060743296874999 0.21067212500000002 0.7005886296875 0.294488671875 0.7017826406250001 0.3053414234375 0.7288975578125 0.33986965625 0.73659175625 0.3624993875
2 0.66209356875 0.40061834531249996 0.6402059375 0.4287403328125 0.6796183953125 0.5069251875 0.7078614171875001 0.5895514296875 0.7144145234375 0.588563884375 0.7706061515625 0.52596675 0.8312683421875 0.4737285953125 0.8352876671875 0.46484837187499994 0.8042991890625 0.4253875359375 0.7632424421875 0.4022691515625 0.72834048125 0.34615949687500003 0.66209356875 0.40061834531249996
9 0.6762210921875 0.3871118859375 0.670410753125 0.379712978125 0.6597983937499999 0.37786453125 0.6529268187499999 0.37028078125 0.6541338171875 0.3566527953125 0.6189533171875 0.3036880609375 0.604188859375 0.3000519265625 0.5791704375 0.314854859375 0.5634246 0.3344663140625 0.499950084375 0.3819567078125 0.5111065328125 0.401996053125 0.5303415546875 0.4159911671875 0.5590478453125 0.40821745312499996 0.581850946875 0.39409313749999997 0.6038184359375001 0.38940358124999996 0.619087053125 0.3995143953125 0.6301506546875 0.420602046875 0.6373007687500001 0.4250408796875 0.6579813999999999 0.410546875 0.6762210921875 0.3871118859375
9 0.461694596875 0.5583836734375 0.451917853125 0.54710046875 0.443029640625 0.513617984375 0.4315018078125 0.49777186406249996 0.358262575 0.42433989062500005 0.333124365625 0.4039941765625 0.32675695 0.40288510781250003 0.3222334671875 0.405290646875 0.3228304734375 0.410717025 0.343909428125 0.42822674843749997 0.36512116093749997 0.45640437812499995 0.3655324734375 0.46392736718750005 0.348168325 0.48964381562500003 0.3287615609375 0.538423003125 0.290385325 0.5945428984375 0.312339825 0.6143340765625 0.34643215 0.6309170171875 0.351831178125 0.630792934375 0.36024120625 0.6088392609375 0.365918771875 0.6055702593750001 0.40250495468749997 0.6183296609375 0.4152397859375 0.6205477984375001 0.426409221875 0.61610640625 0.45004794062500003 0.5925473328125 0.461694596875 0.5583836734375
9 0.21059586874999997 0.777573746875 0.21441651093749997 0.7952708734375 0.267664003125 0.802416496875 0.2767109671875 0.797605415625 0.3470291578125 0.6363433953125 0.30698072656250003 0.6261743765625 0.2639742125 0.6250704265625 0.2550200921875 0.6288332 0.20966644687499997 0.702898384375 0.21059586874999997 0.777573746875
9 0.3815467453125 0.7211270125 0.40924471718750005 0.7004039296875 0.45555376562500005 0.652052634375 0.45417406250000003 0.6432964937500001 0.4408422234375 0.63565198125 0.3712249515625 0.60649448125 0.36485753593750003 0.6053854140625 0.35890143281250003 0.6117993359375 0.27842212499999996 0.7904521156250001 0.2809559109375 0.79834479375 0.34738947656249997 0.8269477578125001 0.3537568921875 0.8280568265625 0.35209865156250003 0.8224456046874999 0.3414463625 0.8088809421875001 0.322901190625 0.7992638999999999 0.3161753796875 0.77786731875 0.35675394531250004 0.745549546875 0.3705630015625 0.723471790625 0.3815467453125 0.7211270125
9 0.52389813125 0.732083375 0.5309683875 0.7130897765624999 0.5456929171875 0.70500969375 0.5464356859375 0.6966232437500001 0.4857455921875 0.6275060171875 0.4546782203125 0.649771178125 0.40846201875 0.6970741671875 0.37711611093749997 0.722484246875 0.3682019203125 0.7379632359375 0.3161753796875 0.77786731875 0.3392310453125 0.809559559375 0.4073497890625 0.8799706984375 0.41371720625 0.8810797656249999 0.43024574062500004 0.8647980765625001 0.47940703906250004 0.8329107546875001 0.48679576406249997 0.822488453125 0.553732525 0.772407671875 0.55313551875 0.7669812968749999 0.5439557796875001 0.7611244671875 0.52389813125 0.732083375
2 0.7250937515625 0.6383255 0.718633490625 0.6382647375 0.6900599765625001 0.6567063640625 0.5832075609375 0.7072860328125 0.5712554265625001 0.7083976609375 0.5589848234375 0.7009379921875001 0.5328123203125 0.716604384375 0.5356645734375001 0.7330683609374999 0.5519415078125001 0.7561285421874999 0.56364204375 0.7943587859375 0.6024045796874999 0.879881784375 0.61199563125 0.8932616015624999 0.70384498125 0.8539069343750001 0.757158378125 0.8238072984375 0.8086677703125 0.8019092671875001 0.8069696015625001 0.7845818296875 0.786924940625 0.7310600015625 0.7596243312500001 0.69862838125 0.742431925 0.6615705265625 0.7250937515625 0.6383255
9 0.870510984375 0.785004603125 0.87439753125 0.765456471875 0.8846205484375 0.7473668421874999 0.894627296875 0.63438270625 0.8362709687500001 0.6119176390625001 0.808824596875 0.5932988484374999 0.8024971109375001 0.6039059953125 0.7959719062499999 0.7262489203125 0.8031090296875 0.7551684875 0.8018091843749999 0.769844778125 0.8097419953125 0.7776133765625 0.8445770906250001 0.7858098640625 0.8615568671875 0.7887673796875 0.870510984375 0.785004603125
9 0.8249139171875 0.448138790625 0.8353805124999999 0.463800065625 0.8324224234375001 0.472865134375 0.812895875 0.48649567656250003 0.794841875 0.5078340546875 0.7516766078125 0.5450236687500001 0.710952278125 0.5911542703125 0.715608534375 0.5994166390625 0.7680204109375001 0.61599701875 0.78730835 0.6172276109375 0.7973237046875 0.61364968125 0.8087317515624999 0.5943471546875 0.8232176718750001 0.6011282078125 0.825963125 0.5579627984375 0.8407136328125 0.5009212421875 0.8438304703125 0.4535626078125 0.8249139171875 0.448138790625
9 0.45457431093749995 0.8456170734375 0.4127488171875 0.8798466156250001 0.3981700515625 0.8741138703125 0.3896402359375 0.8609188968750001 0.35781614375 0.83089281875 0.32778306874999996 0.8171458703125 0.295348984375 0.806174153125 0.269269328125 0.8207922406250001 0.2703704921875 0.8326933015625 0.306333690625 0.8889878015624999 0.323950403125 0.9090879093750001 0.3517022515625 0.96075873125 0.3748507625 0.991402665625 0.391512071875 0.985788884375 0.4135324765625 0.9683348046875 0.58335525 0.8637900578125001 0.541727475 0.7862838234375 0.5352672109375 0.7862230609374999 0.496121265625 0.8145324531250001 0.47949988593750004 0.8318624484375 0.45457431093749995 0.8456170734375
9 0.6143966421875 0.890486371875 0.607246528125 0.886047540625 0.5981197078125 0.8674261890625001 0.58316955625 0.8658866703125 0.573154203125 0.8694646015625 0.5034051171875 0.91479761875 0.507769846875 0.9506856453125 0.5820164375 0.9519085578125001 0.6131237359374999 0.9413596140625 0.671040471875 0.9322868671875 0.815964609375 0.8776936984375 0.7948187843750001 0.8122708078124999 0.7794972515625 0.8149245140625 0.6814132625 0.8638380234374999 0.6143966421875 0.890486371875