7 0.077049990625 0.3927984015625 0.045456148437499996 0.3618827390625 0.0045990203124999995 0.35122966093749997 0.0020264203125 0.3483121953125 0.0029150546875 0.50105535 0.06877630312500001 0.52578909375 0.13385355937500001 0.539692740625 0.16649689375 0.5307360484375 0.184771684375 0.50454875625 0.1892662328125 0.467413415625 0.1781956765625 0.45134918749999997 0.14660183437500002 0.4204335265625 0.1319815125 0.4175408015625 0.0945270734375 0.3921455828125 0.077049990625 0.3927984015625
7 0.22602278125000003 0.26400900625 0.2345730984375 0.3042392046875 0.30778185156250004 0.42200710625 0.35340771718749997 0.449532940625 0.3811776078125 0.4396120078125 0.38897014375 0.4036430390625 0.3975404234375 0.39300641718749996 0.3430053140625 0.2362839828125 0.33567396875 0.22609804531250002 0.3226291046875 0.22300318749999998 0.23912998281250003 0.23371619531249999 0.22602278125000003 0.26400900625
7 0.8466050265625 0.1827982703125 0.837404075 0.1696731890625 0.8111672671875001 0.1619128359375 0.7640506874999999 0.169547440625 0.754346178125 0.185098109375 0.697567459375 0.2257625375 0.6635804875 0.27145030625 0.6259590109375 0.295351271875 0.5597075968749999 0.3880953140625 0.5682155437499999 0.4108463578125 0.6040945265625 0.4364437078125 0.6291547343749999 0.43163895312499995 0.6586047859375 0.40560737343750003 0.6824460218749999 0.3707583625 0.7187861953125 0.3502008046875 0.792957253125 0.27392525624999997 0.8159160390625001 0.22965241249999999 0.845912021875 0.1924242328125 0.8466050265625 0.1827982703125
7 0.612413028125 0.4401449609375 0.59764563125 0.43568159843750004 0.5608841984375 0.40066041874999997 0.5622702078125 0.3814084953125 0.5873927484375 0.3432160734375 0.58178393125 0.334398640625 0.5201317734375001 0.3740988265625 0.531391775 0.4092128453125 0.5285773859375 0.43023753906250006 0.455455815625 0.46664073593750005 0.437978734375 0.46729355312500004 0.4403319359375 0.492423765625 0.434912565625 0.5026561234375 0.412499709375 0.535732365625 0.3903386328125 0.5544707328125 0.4019974875 0.5768175125 0.41460112968749996 0.5752004546875 0.43676220781249997 0.5564620890625 0.5168162671875 0.54301206875 0.5415399546875 0.5175868859375 0.5970373671875 0.480265865625 0.6361919312500001 0.43868361718750004 0.6341752484375001 0.43417383281250005 0.612413028125 0.4401449609375
7 0.6988312453125001 0.3924987453125 0.6774678765625 0.38570263437499996 0.6365907859375 0.42591637968749996 0.63589778125 0.43554234062499997 0.6581435984375 0.4517622796875 0.668227 0.47431119062500005 0.70681566875 0.49479236249999997 0.71631076875 0.511058721875 0.7547099937499999 0.5124901015625001 0.8063858968750001 0.5535452828125 0.8357736156250001 0.5609013703125 0.8621151265625 0.5527532078124999 0.8862505125 0.521045471875 0.8856198421875 0.4972837671875 0.865789559375 0.47280637031249995 0.817748159375 0.45353799375000003 0.7864484671875 0.42576360781249994 0.7290590421875 0.391799509375 0.6988312453125001 0.3924987453125
7 0.747942096875 0.3210279484375 0.703116384375 0.38718043125 0.7068555937500001 0.393058721875 0.73437370625 0.397475665625 0.7865955421875 0.4273342453125 0.8372618875000001 0.40652813906249996 0.8765211531249999 0.34903737343749996 0.9332575015625 0.29089379375 0.9498097624999999 0.26333799375 0.8819380812500001 0.219592221875 0.8234991640624999 0.2255004734375 0.8000991546874999 0.265061403125 0.747942096875 0.3210279484375
7 0.1927487765625 0.249203990625 0.17747782031249998 0.27341638125 0.17464346875 0.34530789687499996 0.1650860328125 0.362429203125 0.1593101796875 0.40290795468749996 0.1656967390625 0.43705773125 0.1967446546875 0.4791699921875 0.2140746609375 0.47694653750000005 0.22751838124999998 0.46727415624999996 0.25879566875000004 0.42670256718750005 0.2800319234375 0.3810612203125 0.2558317609375 0.3269438296875 0.2260651515625 0.281488159375 0.21638060312500002 0.24617200781249998 0.1927487765625 0.249203990625
7 0.6424937515625 0.4378750875 0.6328939453125 0.4375172421875 0.607036028125 0.46785647187499996 0.6069313234375 0.4837649875 0.6158804953125 0.5112279484375 0.6237178421875 0.611950928125 0.6310491890625001 0.622136865625 0.6436528296875 0.620519809375 0.6555634671874999 0.6285287125 0.6660033515625 0.6208312328125001 0.6821991296875 0.6235218265625 0.690622334375 0.6113145640625001 0.694254396875 0.5138885734375 0.685305225 0.4864256125 0.669802453125 0.47410905937500003 0.659719053125 0.451560146875 0.6424937515625 0.4378750875
7 0.922229315625 0.29230871875000003 0.8613549031250001 0.3573412484375 0.8460839468750001 0.38155363750000004 0.8504114578124999 0.39371448125 0.883097159375 0.4022369421875 0.9216858296874999 0.4227181125 0.9812166031249999 0.394416659375 0.9966254421875 0.371676740625 0.9918078984375001 0.32022941562499996 0.9375426421874999 0.28557548125 0.922229315625 0.29230871875000003
8 0.6558902140625 0.1722979640625 0.6842484078125 0.168659584375 0.68666394375 0.1604021296875 0.6962637484374999 0.16075997343749998 0.6878181359375 0.10462126249999999 0.69382580625 0.10067145625 0.6925021296875 0.0865357109375 0.6817680953125 0.0910919140625 0.6786595546874999 0.10897533125 0.6671477734375 0.0881991890625 0.6480952375 0.08905413749999999 0.41236526875 0.1256565234375 0.424403015625 0.1861028859375 0.43444404687500005 0.1911726453125 0.4337510421875 0.200798609375 0.45280357968749996 0.199943659375 0.5378781546875 0.18902851874999999 0.5405878390625001 0.183912340625 0.577264534375 0.1839752140625 0.57820931875 0.1600113765625 0.585141809375 0.18296455312499998 0.6527393046875 0.172702228125 0.6511214796875 0.15542520625 0.6558902140625 0.1722979640625
8 0.50908118125 0.307167778125 0.5459049484375 0.308801290625 0.619510115625 0.2945891625 0.662152109375 0.2732230765625 0.68599334375 0.2383740640625 0.6838495531250001 0.1814268234375 0.44122946250000006 0.21255518593749997 0.45898073124999994 0.2659104671875 0.4795463875 0.29824105312500004 0.50908118125 0.307167778125
7 0.3528569015625 0.22230395 0.34542085 0.22802652812500002 0.3454632203125 0.24550568125 0.374474490625 0.3339749796875 0.4090098359375 0.39630340625 0.422139440625 0.43435657031249997 0.44442762968749994 0.4680556625 0.4631860171875 0.4640594375 0.5330096 0.4264898671875 0.5286397203125001 0.3968498734375 0.4969611359375 0.3309759046875 0.4961833890625 0.3056435609375 0.45425436562500005 0.2665168640625 0.4207485453125 0.2151829046875 0.3528569015625 0.22230395