9 0.630038521875 0.509670034375 0.59181050625 0.5064973015625001 0.5911364328125 0.508805325 0.5928625734375 0.5259941687499999 0.5923517640625 0.5417954703125 0.5938062562499999 0.566670375 0.5996003578125 0.58992256875 0.6101301968749999 0.5915109234375 0.6181392359375 0.592100659375 0.6307665421875 0.5939855421875 0.64694844375 0.5973318078125 0.6660860343749999 0.602759265625 0.6791259625 0.6072543796875001 0.694692590625 0.611003765625 0.7141147375 0.61450126875 0.7402334390624999 0.6183113375 0.7567982328125 0.6210277390625001 0.76890856875 0.6246158015625001 0.74795465625 0.546772140625 0.741468584375 0.5207755546875 0.7374164234375 0.518427271875 0.7047814265625 0.5166881140624999 0.6599181468750001 0.5143043234375 0.630038521875 0.509670034375
9 0.472610525 0.43172207812499996 0.45908974843749994 0.425354471875 0.4422215703125 0.4443007703125 0.42158356250000006 0.470872771875 0.40508747500000003 0.4886891390625 0.39808946562499997 0.4929517203125 0.39290237499999997 0.5063531359375 0.397224765625 0.508744146875 0.420401678125 0.5187749265625 0.451610340625 0.5321635437500001 0.509379453125 0.5458740578125 0.5137857453125 0.5375896640625 0.518967815625 0.53048879375 0.5252661421875 0.5199981218749999 0.532413084375 0.508629203125 0.5462794343749999 0.48931333125 0.5523514046875 0.47582909687499997 0.5545871124999999 0.4660666390625 0.5630766296874999 0.45430147187500003 0.547608390625 0.45243218281250003 0.5293853171875 0.4504343109375 0.511482046875 0.44661567656249995 0.4947473015625 0.44009806406249996 0.472610525 0.43172207812499996
9 0.30715663125 0.42858861406250004 0.35145860624999997 0.398432315625 0.40402878906249995 0.3767179609375 0.42605186249999993 0.3652590578125 0.44530945468749994 0.3597130796875 0.45830825781250006 0.351055375 0.406653646875 0.2999054203125 0.38999502656249996 0.28140460625 0.3783195296875 0.2703868140625 0.37181615468749996 0.264041253125 0.3272752984375 0.285727575 0.27187856718750003 0.31254641875 0.2282410171875 0.3302468828125 0.20888969375 0.339319325 0.28672058125 0.43448239843750003 0.30715663125 0.42858861406250004
9 0.2550271546875 0.6793543078125001 0.27335088750000003 0.6854787953125 0.358871390625 0.7049268453125 0.3670760921875 0.69301495625 0.36200079218750003 0.686103740625 0.37584056875 0.6885061234375 0.3811172125 0.68418574375 0.40849455468749996 0.6433098296875001 0.43964595468749995 0.587504978125 0.4364562828125 0.587004809375 0.3953950171875 0.5812241703125001 0.330844940625 0.5704830859375 0.2518540421875 0.6563817000000001 0.24197247187499998 0.6780113015625 0.24128908125 0.6829284437500001 0.2550271546875 0.6793543078125001
9 0.4705984515625 0.5691575359375001 0.460874396875 0.5851543578125 0.44994503124999996 0.6007032453125001 0.4371509640625 0.6122482484375 0.42568661093750004 0.62072185625 0.41463836093750006 0.6346984828125 0.44918457968750003 0.662945359375 0.48033385156249997 0.6824166796875 0.5445785062499999 0.705782859375 0.5701831515625 0.6674179875 0.5236672453125 0.64096245625 0.5099925265625 0.63053210625 0.5205894734375 0.6157510890625 0.5535746578125 0.5820392 0.555287265625 0.5801795937499999 0.486479009375 0.5467894703125 0.4705984515625 0.5691575359375001
9 0.6870581453125 0.6380133265625 0.6986930703125 0.611138571875 0.6314268234375 0.594289990625 0.599477375 0.5900569703125 0.591917525 0.554488065625 0.5847788515625 0.550594275 0.5107762546875 0.6305686875000001 0.5876576453125 0.676458940625 0.6231229890625001 0.6910398203125 0.6404731453125 0.7036001375 0.6661317484375 0.6711130171875 0.6870581453125 0.6380133265625
9 0.72340674375 0.7665122656250001 0.778801 0.8158735453125001 0.769128696875 0.7846968546875 0.76256999375 0.7463280906249999 0.7350455046875 0.70881509375 0.755761321875 0.7106992203125 0.7523125046875 0.7013665312499999 0.746152084375 0.686404209375 0.74619979375 0.6749417906249999 0.7509050703125 0.664613978125 0.7236460921875 0.642705259375 0.7044871515625 0.6372251531249999 0.6757372125 0.656061021875 0.6488728 0.693786909375 0.689313378125 0.73281994375 0.72340674375 0.7665122656250001
9 1 0.7603359843749999 0.9613484046874999 0.7269815484375 0.9181665890625 0.6974286765625 0.7826285796875 0.7695138781249999 0.80822169375 0.79996109375 0.8479646421875 0.8274516859375 0.8662566734375 0.8278563437500001 0.9288635546874999 0.771205328125 0.9576088796875 0.763679090625 0.9625971968749999 0.7681125062499999 0.9942140500000001 0.8293303140624999 1 0.8233425499999999 1 0.7603359843749999
9 0.7725043921875 0.6272952609375 0.8892559999999999 0.7014846765625 0.9066883015625 0.6668636015625 0.924070865625 0.6442114265625001 0.9359588890625 0.6246547453125 0.9001277234374999 0.599039909375 0.855157859375 0.57251971875 0.8018323453124999 0.5365114156249999 0.7612389578125 0.5868110625 0.7725043921875 0.6272952609375
9 0.76524554375 0.5647087328125 0.7705976109375 0.5502288656250001 0.7806273015625 0.5312969390625 0.7976790890625 0.538918778125 0.8043447546875001 0.5370743421874999 0.8113375015625 0.5395562890625001 0.8196417578125 0.530962378125 0.73059543125 0.4664503328125 0.7159011171875 0.45211257031249996 0.6552395640625 0.51106418125 0.6553097953125 0.5128735828125001 0.741600646875 0.51726051875 0.75556310625 0.5692864578125 0.76524554375 0.5647087328125
9 0.9681450093749999 0.5322949890625 0.9492762734375001 0.49516565625000003 0.9104051375 0.4899949796875 0.8342654093749999 0.4787215234375 0.8436696375 0.501312403125 0.8508901874999999 0.51272540625 0.8512882875000001 0.526840665625 0.8513124703124999 0.5442759140625 0.8426141015624999 0.5505087296875 0.8504900171875001 0.55753015625 0.8575475984375001 0.5627815 0.8662748062500001 0.5682595312500001 0.8676960328125001 0.5692273265625001 0.87182004375 0.572693078125 0.8731310421874999 0.5737303359375 0.8744070609374999 0.57430483125 0.8861697484375 0.5805857421875 0.8961008484375 0.5858867359375 0.905315621875 0.5864204375 0.91697130625 0.581258678125 0.9389602046875 0.5755723078125 0.9467136984375 0.5719065765625 0.9561970531249999 0.5689928609375 0.9778870015625 0.577053584375 0.9725632453124999 0.555324434375 0.9681450093749999 0.5322949890625
9 1 0.5145351671875 0.9667308890624999 0.4701850109375 0.9688014578124999 0.459637 0.9635372296875 0.4545005015625 0.9385379515625001 0.434921284375 0.843484884375 0.4743504609375 0.8410242578125 0.47668845156249995 0.9484820359375 0.49436256562500003 0.9634864796875 0.522106071875 0.9975814453125 0.52542361875 1 0.5244147031249999 1 0.5145351671875
9 0.8689381078125 0.4627435703125 0.8436412984375 0.431642721875 0.8055351906249999 0.390450121875 0.7524773 0.40433255937499996 0.754557959375 0.47869414531250004 0.7632939671875001 0.4880204015625 0.7723517156249999 0.486429340625 0.7790550921875 0.491632990625 0.8245225609375 0.48224746406249996 0.8403831140625 0.4757954265625 0.8689381078125 0.4627435703125
9 0.6407382515625 0.386700378125 0.6668719265624999 0.402065134375 0.663976625 0.3948575 0.659249428125 0.38284938125 0.6605206015625 0.36080717500000004 0.660602496875 0.32692196875 0.6642322765625 0.30498985156249997 0.613768640625 0.2631463578125 0.60910995625 0.2652601046875 0.603487140625 0.333096709375 0.6191147171875 0.3532755015625 0.6199909328125 0.360978240625 0.6377535015625 0.3783098015625 0.6407382515625 0.386700378125
9 1 0.3741892484375 0.9983014296875 0.3727216625 0.948078759375 0.4392919109375 0.9694786953125 0.4592988671875 0.9671530828125 0.4692165640625 1 0.5177709390625 1 0.3741892484375
9 0.44997975781250005 0.30322950625 0.44698170781249996 0.31228768125 0.44806162031249996 0.326569625 0.450819096875 0.33697665 0.457286115625 0.3495334359375 0.45770608125 0.3550875109375 0.45836602812500005 0.3638153796875 0.45911596718750003 0.3737333890625 0.45806281249999997 0.391078296875 0.455223175 0.40043344843749995 0.538116584375 0.3865131125 0.5921978640625001 0.3720386203125 0.587419478125 0.3453291140625 0.582136640625 0.30673647187499997 0.5754762453125 0.2759859515625 0.5337868078125 0.2823418015625 0.48348062656249996 0.2946205984375 0.44997975781250005 0.30322950625
9 0.7699963078125001 0.3947408046875 0.7693310906249999 0.3859432515625 0.7959631125 0.3910825328125 0.816971621875 0.3925501390625 0.8200529875000001 0.3883107109375 0.8271469078125 0.385719653125 0.8351938437499999 0.37002332187500003 0.8455169546875 0.365147846875 0.8542587875000001 0.36506884687499996 0.8469873609375 0.35888511562500003 0.8392724578124999 0.346836346875 0.8369223703124999 0.335037984375 0.7696031859375 0.31241471875000004 0.7574176984375 0.30551459375 0.7540037234375 0.3053552453125 0.748070009375 0.310435596875 0.74000794375 0.30665010000000004 0.73719255 0.3079797765625 0.7370004921875 0.3118670359375 0.742542815625 0.320892228125 0.7428015109375 0.32431350000000003 0.71997600625 0.369515775 0.7203752531250001 0.3812230828125 0.7296272015625 0.3943176484375 0.7413692109375 0.3953527390625 0.75152994375 0.40118430156249996 0.7598210234375 0.401571290625 0.7621856625000001 0.40070760468750005 0.761099371875 0.39919581718749997 0.767476565625 0.399980503125 0.7808368078125 0.396707871875 0.7699963078125001 0.3947408046875