10 0.7652539765624999 0.1412295359375 0.763529259375 0.1553312625 0.78996791875 0.217607553125 0.8019564875 0.22841997812499998 0.8204985328125 0.226638940625 0.8349968765625 0.2155173703125 0.8333445421875 0.1357409421875 0.773829303125 0.1333063390625 0.7652539765624999 0.1412295359375
10 0.70615428125 0.20606881875 0.6930714546875001 0.1999630296875 0.6592460078125 0.22069791093750002 0.692987009375 0.30948754218749996 0.7335084703125 0.293368371875 0.7612563015625 0.27426904687500003 0.70615428125 0.20606881875
10 0.8584860921875 0.2637464875 0.9106748578125 0.27096046875 0.918167990625 0.25209755 0.9080587390625 0.2287462140625 0.8674309328125 0.18071713125 0.848425090625 0.177809715625 0.8351756015625 0.18578746875000002 0.83454514375 0.1951825578125 0.8393256499999999 0.25927625625 0.847103853125 0.2748316890625 0.8552033218749999 0.2778663984375 0.8584860921875 0.2637464875
10 0.929038178125 0.29890933125 0.9302990953125001 0.2801191515625 0.9074041515625 0.26943402031249997 0.866276359375 0.2636555625 0.8555245812500001 0.265345675 0.8545849249999999 0.2716151296875 0.85670105625 0.35608000624999997 0.9012541546874999 0.36494773125 0.9059524421875 0.333600459375 0.9173467421874999 0.3068688984375 0.929038178125 0.29890933125
10 0.9473916609374999 0.13753907031249998 0.92386625625 0.136249028125 0.882690209375 0.1930560046875 0.88548505625 0.2055403578125 0.9133512953125 0.234942928125 0.944203171875 0.2314535921875 0.9588561140625 0.2218948375 0.9622934843750001 0.20933774375 0.962805534375 0.1514407625 0.9473916609374999 0.13753907031249998
10 0.61447799375 0.2884991640625 0.56353808125 0.2781413640625 0.5555690875 0.30796219062499997 0.5551875078124999 0.3987147078125 0.6051877625000001 0.4153419625 0.6488977109375 0.30530827031249996 0.61447799375 0.2884991640625
10 0.774216265625 0.6418039062500001 0.794149703125 0.6540882265625 0.8050440156249999 0.6696072890625 0.819221096875 0.6710064421874999 0.8377752062500001 0.6535790453125 0.8392148515625 0.605058965625 0.8454591296875 0.58933986875 0.8422125484375 0.5565207015625 0.8303785796875 0.5472710937499999 0.7914272375 0.54772571875 0.7795691406249999 0.569768828125 0.7822093875 0.580690365625 0.768174840625 0.5965003890625 0.774216265625 0.6418039062500001
10 0.6551276968749999 0.5102010124999999 0.6549851624999999 0.49299183593749996 0.6275827203125 0.46827771875 0.5912836875 0.464007521875 0.5746088921875 0.468896009375 0.5666519625 0.483070475 0.5739301796875 0.5408765328125 0.5782830796875 0.553342703125 0.6204810015625 0.5857072421875 0.6375011828125 0.5370053125 0.6551276968749999 0.5102010124999999
10 0.4694682015625 0.6359730828125 0.5003200765625 0.6324837484375 0.53741623125 0.6132753140625 0.5710991437499999 0.5753312546875 0.567222103125 0.55190718125 0.5392012640625 0.5209417937499999 0.5211350796875001 0.5117649234375 0.497609675 0.5104748828125001 0.47172909531249996 0.5326816562500001 0.4325628359375 0.6098052578125001 0.43224157500000004 0.6223259828125001 0.44858304374999997 0.645604578125 0.4694682015625 0.6359730828125
10 0.5844308484375 0.6627944734375 0.57572505 0.6378621359375 0.5656037328125 0.630157159375 0.54831054375 0.628794378125 0.46463944062499996 0.634464821875 0.4552790546875 0.650220290625 0.4571221796875 0.68462045625 0.5237851640625 0.7120055843750001 0.541078353125 0.713368365625 0.5738216078125 0.6816937624999999 0.5844308484375 0.6627944734375
10 0.56377044375 0.7850761140625 0.6005574015625 0.7627420453125 0.6420064546875001 0.75599978125 0.6657105859375 0.727559921875 0.6679111625 0.7025002890625001 0.6559346578125 0.676041503125 0.619338490625 0.6529993140625 0.59892919375 0.6516729031249999 0.571490559375 0.6738978625 0.5172196234374999 0.7402454078125 0.5142460515625 0.757490953125 0.526840953125 0.7902010078124999 0.56377044375 0.7850761140625
10 0.639639215625 0.7951429546875 0.679696878125 0.774335334375 0.6597755046875 0.7464046578125 0.64840533125 0.7418435 0.6194086453125001 0.76408664375 0.5916728765625 0.767539609375 0.5589416843749999 0.783567853125 0.5595600796875 0.789819121875 0.5866533265625 0.8114076062500001 0.6013062687499999 0.8018488515625 0.639639215625 0.7951429546875
10 0.6062655015625 0.8362126484375001 0.6176236109375 0.8564201625000001 0.6588939375 0.8794077984375 0.6743198765625 0.87766313125 0.6858567125 0.8681407468750001 0.7159717828125001 0.8098982484375 0.6996303140625 0.786619653125 0.6751773156249999 0.77595270625 0.6062655015625 0.8362126484375001
10 0.20649490468749998 0.20094830625000001 0.1500957734375 0.1984773328125 0.1053760140625 0.20369315000000002 0.09243572343749999 0.2147965375 0.09521850625 0.24292725 0.109680659375 0.278744753125 0.17278786562499998 0.27018508125 0.22189671562500002 0.23049635624999998 0.218328875 0.210197915625 0.20649490468749998 0.20094830625000001
10 0.7942944640625 0.4663319203125 0.8176773328125 0.4504127875 0.8190928515625 0.433185425 0.811469246875 0.419192809375 0.7963645703125 0.40841675312500003 0.7790713796875 0.4070539703125 0.72528836875 0.44679725000000003 0.7249550421875 0.4749643328125 0.7364677515625 0.49673466718750003 0.7721604515625 0.4791072359375 0.7942824015625 0.48197827968749996 0.7942944640625 0.4663319203125
10 0.8528097265625 0.553267771875 0.85420111875 0.5673331296875 0.8987421531249999 0.5918472109375 0.9400245437500001 0.5991884875 0.9377296859375001 0.544453509375 0.9098393187499999 0.54634365625 0.9050226218749999 0.5291890359375 0.879796628125 0.510708003125 0.8528097265625 0.553267771875
10 0.27841425625 0.28146922343749997 0.27796252187500003 0.2611344125 0.2645825609375 0.2362566296875 0.2292231875 0.225716978125 0.175594775 0.2670230765625 0.1749522515625 0.292064525 0.18242125781250002 0.3044943234375 0.2061012625 0.3073471828125 0.2140581921875 0.2931727171875 0.23057838749999998 0.2867214109375 0.27841425625 0.28146922343749997
10 0.23048410625 0.2069268015625 0.22797433125 0.2288608 0.2564830953125 0.23322192031250003 0.2809240296875 0.259535225 0.30353390468749997 0.2358020046875 0.30183331406249997 0.2186110140625 0.284242990625 0.1984762375 0.242806 0.18957214375 0.23048410625 0.2069268015625
10 0.2537123765625 0.1894448484375 0.280972284375 0.196949790625 0.296231559375 0.20928866406250002 0.3040097640625 0.22484409843750003 0.313667284375 0.22786062187499997 0.3286414890625 0.20578114374999998 0.3272621625 0.17606942812499998 0.31059943125 0.16531155625 0.272742346875 0.161059546875 0.2509416578125 0.145667778125 0.25077499531249997 0.15975131874999998 0.2183530015625 0.1789051984375 0.23532492968750002 0.19278870312500002 0.2537123765625 0.1894448484375
10 0.2140581921875 0.2931727171875 0.20750471718750002 0.30576618125 0.244052628125 0.39139380625000003 0.2900212453125 0.38303416874999996 0.2919126234375 0.3548489 0.28386141249999997 0.28922875625 0.26922053125 0.2831411515625 0.241175565625 0.28346848125 0.2140581921875 0.2931727171875
10 0.02203500625 0.3438515171875 0.027198093750000003 0.359503171875 0.036534353125 0.3750404203125 0.0444792203125 0.3765123140625 0.0460614015625 0.3452014109375 0.052614878125 0.33260794531250004 0.0839426140625 0.3181607046875 0.0478223078125 0.28416060781249997 0.0319325734375 0.2812168234375 0.01845091875 0.2879226046875 0.02203500625 0.3438515171875
10 0.132824484375 0.370787315625 0.12925664375 0.35048887500000003 0.109953665625 0.328809465625 0.0733454375 0.321413634375 0.0552671890625 0.327883125 0.045752203125 0.3420757765625 0.044312559375 0.3905958546875 0.049283853125 0.4093132921875 0.0927547578125 0.40724129531250003 0.106170909375 0.3851800015625 0.132824484375 0.370787315625
10 0.23003014687499998 0.391557471875 0.244052628125 0.39139380625000003 0.2400209921875 0.3664069125 0.2283536828125 0.3430737625 0.199856984375 0.32306628125 0.173215471875 0.3218126109375 0.14702569375000002 0.34089375 0.14233946875 0.3565946625 0.147929159375 0.3815633703125 0.1715971 0.4000625890625 0.2004150609375 0.40754934531250003 0.23003014687499998 0.391557471875
10 0.14459813593749998 0.45826871718750006 0.17857818281249999 0.43909665468750003 0.189651221875 0.42488581718749996 0.1899724828125 0.4123650921875 0.18406153125 0.39991710937499997 0.167862596875 0.393847690625 0.1455981109375 0.37376746875 0.12659226875000001 0.3708600546875 0.10851402031249999 0.37732954375 0.09603752812500001 0.393121384375 0.0964771984375 0.429102553125 0.11437672031249999 0.4523629640625 0.14459813593749998 0.45826871718750006
10 0.026701206249999998 0.41666656875 0.0305550546875 0.47680504062500007 0.03909015625 0.49548646874999996 0.0768047046875 0.4825293046875 0.0758771109375 0.47315240000000003 0.1012697671875 0.47754989062500003 0.12263078593750001 0.45696049062500005 0.10192435468750001 0.43686208437499996 0.0941582125 0.4056602921875 0.08636794375 0.40575121875000003 0.033857915625 0.41105796093749997 0.026701206249999998 0.41666656875
10 0.1751046234375 0.4985928234375 0.1894363046875 0.50155479375 0.2589423890625 0.4788388390625 0.2835741140625 0.4597758859375 0.28219478593749997 0.43006416875 0.268969425 0.40674920312499996 0.2569808546875 0.395936778125 0.23283705625 0.388395465625 0.21320075312500003 0.394883140625 0.189805821875 0.42644863437499997 0.15815682343749998 0.4534166 0.15595624531250002 0.478476234375 0.1751046234375 0.4985928234375
10 0.30256789375 0.47832965781250003 0.32794848593750003 0.4983735078125 0.3445870890625 0.5404240984375 0.35393541093750003 0.5403149875000001 0.35458999687500004 0.49962718125 0.3770211453125 0.505623859375 0.41417761718749996 0.40818363125 0.4110735734375 0.3925736421875 0.391282671875 0.39749850000000003 0.3747504140625 0.4195961640625 0.33594160781250004 0.43725996718750004 0.301021903125 0.46270148437499997 0.30256789375 0.47832965781250003
10 0.1965961140625 0.5108589578125 0.1642103109375 0.48307376093750004 0.16127293125 0.45338022968749997 0.1488085 0.45352571093750005 0.1134370625 0.45863241875 0.09440709375 0.48701772187500003 0.1026490953125 0.5072616078125 0.1495091140625 0.5552179500000001 0.169312078125 0.534646734375 0.20094901250000002 0.5233251265625001 0.1965961140625 0.5108589578125
10 0.08802027968750001 0.48552764374999996 0.06745638281250001 0.482638415625 0.052648840625000005 0.4906343515625 0.0350223265625 0.5174386515625 0.038887303125 0.5565090875 0.0825007421875 0.571646265625 0.0863898453125 0.5794239812499999 0.14934245156249998 0.5693014921875 0.1534102796875 0.5473493078125 0.08802027968750001 0.48552764374999996
10 0.21241346874999997 0.6076808953125 0.246405578125 0.572862471875 0.2604280609375 0.57269880625 0.2563843609375 0.563358271875 0.21387723906249997 0.5278680984374999 0.1898880390625 0.5218896046875 0.1716551921875 0.5267962765624999 0.15356487968750002 0.548912125 0.1515068390625 0.591180934375 0.1627103484375 0.6098256328125 0.19729672812500001 0.6125511968749999 0.21241346874999997 0.6076808953125
10 0.11514748906250001 0.6651425328125 0.1268389234375 0.657182965625 0.12919409843750002 0.6336861500000001 0.160843096875 0.6067181828125 0.1561930625 0.5754800203125 0.1384360765625 0.5694287859375 0.09994853125 0.5745718640625 0.0762564640625 0.5873653640625001 0.0795030421875 0.620184528125 0.093977259375 0.640355675 0.10550203124999999 0.6464796500000001 0.11514748906250001 0.6651425328125
10 0.08498639062499999 0.581004984375 0.08421339375 0.573190896875 0.061473049999999994 0.5640685828125 0.03810224375 0.564341359375 0.0469385140625 0.62212923125 0.07764785468749999 0.6014307203125 0.0764110625 0.5889281828125 0.08498639062499999 0.581004984375
10 0.0520161546875 0.7049949234375 0.112589459375 0.749661965625 0.1281699953125 0.749480115625 0.1451660515625 0.732070903125 0.149543078125 0.7132443546875 0.12044004687500001 0.671339246875 0.1249716703125 0.654075515625 0.106287090625 0.6386473765625 0.0969387671875 0.6387564875 0.0829283484375 0.6232737937499999 0.0703093203125 0.62185645625 0.0453683984375 0.6377937765625 0.0520161546875 0.7049949234375
1 0.5668887796875001 0.5800742624999999 0.5402231390625001 0.610113309375 0.541150734375 0.6194902140625 0.570896290625 0.636353875 0.5867739609375 0.6549440171875001 0.613106275 0.6530720546875 0.7054711124999999 0.6879803078125 0.764510490625 0.70137281875 0.79722961875 0.7009909328124999 0.8058049453124999 0.6930677359375 0.8066020671875 0.6695891046875 0.795243959375 0.6493815890625 0.6939945953125 0.6192708984374999 0.6467891875 0.615127996875 0.5963492640625 0.5625195703125 0.5722054640625001 0.5549782609375 0.5668887796875001 0.5800742624999999
10 0.47098783749999995 0.88785945625 0.567587165625 0.886731984375 0.5433008312500001 0.8619814984374999 0.503885690625 0.8577476718750001 0.482691334375 0.8642535312499999 0.47098783749999995 0.88785945625
10 0.34823491875 0.861128990625 0.4247462140625 0.8461543828125 0.43365486718749996 0.810064103125 0.43226347499999995 0.7959987453124999 0.42572206250000005 0.792945853125 0.4288502328125 0.7772631234375 0.401590325 0.7697581812500001 0.3719873046875 0.7701036984375 0.336770465625 0.776773221875 0.2991984515625 0.8069395625 0.3024450296875 0.8397587281250001 0.3180135046875 0.8552232359374999 0.34823491875 0.861128990625
10 0.3120565234375 0.70039520625 0.32839799062499997 0.7236738015624999 0.34506072187500003 0.7344316734375 0.3821448125 0.7308695984375 0.41597026093749995 0.710134715625 0.4158397890625 0.6772791812500001 0.39093505624999997 0.6462774234374999 0.343123315625 0.6202368953125 0.32925543125 0.6219633765625 0.320834703125 0.631449390625 0.32222609375 0.645514746875 0.3102013359375 0.681641396875 0.3120565234375 0.70039520625
10 0.25330444218750003 0.5164555671875 0.252198121875 0.5368085609375 0.2825379484375 0.591216209375 0.2956207734375 0.597322 0.34735780781250003 0.58420116875 0.346299740625 0.5419687296875 0.2894609390625 0.5035165859374999 0.2690516421875 0.502190175 0.25330444218750003 0.5164555671875
10 0.47271255312499993 0.8737577296874999 0.498271871875 0.8640716796874999 0.540339321875 0.8635806859375 0.5408634359375 0.7900373421875 0.52001446875 0.7527297609375 0.4961798671875 0.748314084375 0.47420045312500003 0.7626522171875 0.4760556421875 0.781406025 0.4685745703125 0.784622584375 0.44610723124999996 0.8255649828125 0.45106646406250006 0.859928778125 0.47271255312499993 0.8737577296874999
10 0.479647609375 0.770411746875 0.49368215624999995 0.7546017234375 0.49183903124999995 0.7202015562499999 0.46008368749999995 0.68302126875 0.45122328906250003 0.6565261140625 0.433466303125 0.65047488125 0.4214656703125 0.6553088125000001 0.4149121953125 0.6679022765625 0.41644612031249995 0.699176809375 0.44977158125 0.7206925531249999 0.45348195625 0.7582001703125 0.479647609375 0.770411746875
10 0.40870410625 0.6366823 0.3590251140625 0.6075343203125 0.346548621875 0.6233261578125 0.36523320312499996 0.638754296875 0.3962276140625 0.6524741374999999 0.4119506859375 0.6695014640625 0.4295651375 0.658343521875 0.454339396875 0.65648974375 0.446870390625 0.6440599453125 0.40870410625 0.6366823
6 0.37498945781250004 0.31163447031249997 0.38118548125 0.35850080625 0.42182535000000004 0.39088353124999997 0.450952509375 0.40149592187499994 0.5042355328125 0.40400326406250003 0.5407012265625 0.394189921875 0.5537961171875 0.3846493515625 0.5559846312500001 0.3752360765625 0.5550932265624999 0.318920096875 0.523374075 0.2348007328125 0.5210550890625 0.21135847187499998 0.4285235890625 0.190533759375 0.40139415312500004 0.215884353125 0.3901544515625 0.24417873281250002 0.37498945781250004 0.31163447031249997
6 0.6721862984375 0.20959452500000003 0.667987996875 0.1986911734375 0.57205531875 0.143484478125 0.4855893703125 0.13667056718749998 0.437432240625 0.1544434796875 0.424016090625 0.17650477343749998 0.4249436828125 0.185881678125 0.5148228734375 0.21143121250000002 0.5185453140625 0.23329247031250003 0.5524529796875 0.307998559375 0.5585305953125 0.30636300156249996 0.56571453125 0.28437444843750004 0.5809858703125 0.2810669640625 0.6372183375 0.297621478125 0.64733965625 0.30532645468749997 0.6520017546875 0.320918259375 0.6736599078125 0.3191008515625 0.6973519734375 0.3063073515625 0.665156959375 0.2331458953125 0.6637655703124999 0.2190805390625 0.6721862984375 0.20959452500000003
6 1 0.40298749999999994 0.9948678484375 0.3967121640625 0.9719729046875001 0.3860270328125 0.93598306875 0.384882471875 0.885055221875 0.3588783109375 0.8362917609375 0.3547535953125 0.82569458125 0.358006525 0.8178922500000001 0.37374381093750003 0.79669789375 0.3802496703125 0.7996352765625 0.40994319843750004 0.8153583484375 0.42697052500000005 0.8240641468750001 0.4519028625 0.8629913625000001 0.4827409546875 0.867962659375 0.50145839375 0.9000392625 0.52611795625 0.9047013609375 0.541709759375 0.9210548921875 0.549341996875 0.9349227765625001 0.5476155140625 0.9500153906250001 0.574037928125 0.9953776734374999 0.5437806625 1 0.528293834375 1 0.40298749999999994
6 1 0.31613245624999997 0.9720452843749999 0.29214888125 0.945879634375 0.2799373015625 0.9318571499999999 0.2801009671875 0.9212237828125 0.3302929734375 0.9292870578124999 0.380266759375 0.9425244812500001 0.3879353671875 0.9853649265625 0.39525845625 1 0.40845775156249997 1 0.31613245624999997
6 0.6061032921875 0.44036522656250005 0.6274281203125 0.4667149015625 0.6490742093749999 0.4805438515625 0.6730754734375 0.47087598750000004 0.6911657859375 0.44876013906249995 0.7472677828125 0.43245911875000004 0.7910720125 0.40222003749999996 0.747197628125 0.32137178906249997 0.7305348984375 0.31061391718750003 0.6992192265625 0.309414803125 0.647636790625 0.3240984484375 0.6337568421875 0.34147129062500003 0.60628201875 0.410635325 0.6061032921875 0.44036522656250005
6 0.7969490015625 0.256641615625 0.7905863156249999 0.223858821875 0.7664545781250001 0.2006711515625 0.7493039234375 0.21651754531249998 0.750540715625 0.22902008437500002 0.7400981359375 0.23383583125000001 0.739467678125 0.243230921875 0.761101703125 0.27270623125000004 0.744414846875 0.2932410765625 0.741750471875 0.31361225937500004 0.7518597265625 0.33696359375 0.792796728125 0.38811831093750004 0.794651915625 0.40687211874999996 0.8060220906250001 0.4114332765625 0.8481136671874999 0.3796495625 0.8457826171875 0.3718536625 0.8548338046874999 0.3529725578125 0.8544061984375 0.3013450296875 0.84445154375 0.2795565109375 0.7969490015625 0.256641615625
6 1 0.5853649234375 0.9504671218749999 0.594372740625 0.89327086875 0.615380396875 0.834219428125 0.6176342453125 0.8256199734375 0.6568501609374999 0.8020825046875 0.6712064765625 0.794243984375 0.7338828375 0.7765933421875 0.79197985625 0.7784485296875 0.810733665625 0.8225257671874999 0.8305592953125001 0.8605374515624999 0.8363741234375001 0.918970496875 0.8278690046875001 0.947788459375 0.8353557609375001 0.9953151281249999 0.8269779390625001 1 0.82518130625 1 0.5853649234375
6 0.71232395 0.4891933546875 0.6989198640625001 0.495608290625 0.643233409375 0.5791831968750001 0.6372983296875 0.5980279312500001 0.644136878125 0.6198528203125 0.730757425 0.628229546875 0.738083896875 0.62345016875 0.7340401953125 0.614109634375 0.7645828734375 0.607494665625 0.7789266171875 0.594810275 0.7942220828125001 0.5602100734375 0.8004904890625 0.51319825625 0.7939611390625 0.49449900312499995 0.7741823015625 0.4837775015625 0.7500264375000001 0.49188255 0.71232395 0.4891933546875
6 0.2874368625 0.7038118015625 0.29570299218749996 0.69276296875 0.2991644875 0.6489131578125 0.29823689375 0.6395362546875 0.28702131875000003 0.6365379140625 0.2658269640625 0.643043775 0.2243537828125 0.68107875625 0.1483062859375 0.7007418171875 0.1450114515625 0.7305080859374999 0.1549299171875 0.79923568125 0.1689403359375 0.814718375 0.190277228125 0.825421690625 0.21208997968749999 0.8251671015625 0.23483032499999998 0.834289415625 0.296485821875 0.889896178125 0.36815629375 0.8890596687500001 0.3762678234375 0.87644801875 0.3821787765625 0.8888960031250001 0.43515260156249996 0.8882777125000001 0.4293962484375 0.8773925453125001 0.40883235156250003 0.8745033171875001 0.389529375 0.8528239093750001 0.3751856296875 0.865508296875 0.3684896171875 0.8608925859375001 0.339041196875 0.86280091875 0.3178589046875 0.85366041875 0.304003084375 0.83974054375 0.29998350937499996 0.7991072906250001 0.28410583906250003 0.7805171484375 0.2805379984375 0.7602187078125 0.286151815625 0.753894696875 0.282274778125 0.730470621875 0.2874368625 0.7038118015625