9 0.7101972046875 0.4097584625 0.6693206171875 0.4484503 0.6904667484375 0.5376917015625 0.7082525890625 0.5794673015625 0.7504636234375 0.6483209671875 0.761356278125 0.6585663546875 0.803206140625 0.6210004312499999 0.8661917000000001 0.58680410625 0.8853306390625001 0.3673766859375 0.860585371875 0.3316837640625 0.8441199562499999 0.33619197968750003 0.7447545156250001 0.39437900937500003 0.7101972046875 0.4097584625
9 0.7369915203125 0.0779933734375 0.7356048562499999 0.0693224515625 0.719005996875 0.063076115625 0.61277444375 0.1262759765625 0.6055350765624999 0.1355682 0.6449195984375 0.1999742671875 0.6940238187500001 0.30035815 0.7050097890625 0.3095336859375 0.7260215078125001 0.3020402 0.833599590625 0.23568686562500002 0.85563776875 0.21642504687500003 0.8561043421875001 0.21107580625 0.759936734375 0.09747036718749999 0.7369915203125 0.0779933734375
9 0.63051088125 0 0.5719379859375 0.1767922140625 0.576897678125 0.18135194999999998 0.63986659375 0.19648438125 0.641493071875 0.1901213625 0.6103081375 0.14226763125 0.6080415140625 0.1314009421875 0.719979271875 0.0642020328125 0.731525128125 0.06695848125000001 0.7368048921875 0.0801330703125 0.7539104546875001 0.0928545625 0.7750425640625 0.120834271875 0.7940013640625 0.136877446875 0.79752120625 0.14566050625 0.8050806484375 0.1449831375 0.8461428968750001 0.0181712640625 0.846009453125 0.0074167140625 0.8047865640625 0 0.63051088125 0
9 0.425327365625 0.6537990640625 0.447138784375 0.6248525453125 0.4818827234375 0.6073333953125 0.540437815625 0.5502253140625 0.5763547124999999 0.5069737390625 0.5856871296875 0.48596925312500006 0.5973794875 0.47476160624999997 0.612418109375 0.44975807031250004 0.6130713109375 0.4422691328125 0.471267109375 0.33593745625000004 0.4475753796875 0.32501924843749996 0.4340297875 0.3329052140625 0.3955663234375 0.36849964687500003 0.3775145609375 0.3911952828125 0.318893228125 0.48591625625 0.2963222390625 0.548140209375 0.3137478765625 0.5694765562499999 0.3536120265625 0.6038147359375 0.4168879625 0.65228066875 0.425327365625 0.6537990640625
2 0.23136180624999997 0.08902985937499999 0.195538221875 0.13121158593749999 0.15270023906250002 0.16782179531250002 0.1494343421875 0.20526520312500002 0.161408321875 0.21539773437499998 0.2050190734375 0.268203678125 0.22523109218749998 0.2821632234375 0.24423002187499998 0.31003079843750003 0.25549593437499996 0.31599679062499997 0.285227 0.3068121546875 0.2977060015625 0.29887012031250004 0.32494368125 0.2691340953125 0.3364092796875 0.248241746875 0.36888659375 0.21985590937500002 0.37195291875000003 0.2092695625 0.28385145624999997 0.1014619125 0.26627931875 0.0940896609375 0.25469333125000004 0.0795088125 0.248387109375 0.0781025546875 0.23136180624999997 0.08902985937499999
2 0.2131795 0.35891195468750003 0.2631366046875 0.42494855625000005 0.3069209296875 0.5003334484375 0.3131338390625 0.5028095546875 0.3551432546875 0.42656089062499997 0.4072586796875 0.357292 0.3908595015625 0.324187321875 0.3358493921875 0.2546608359375 0.29199979531250003 0.3028691703125 0.24793649218749997 0.3166741609375 0.2108195609375 0.34911511562499997 0.2131795 0.35891195468750003
9 0.516557521875 0.36948613125 0.5377558687499999 0.35985294843750004 0.5521412906250001 0.342338346875 0.4986111609375 0.28041293437500003 0.4867051 0.25721723281250003 0.46491979062500005 0.2367264609375 0.4498942203125 0.2370113515625 0.40632456718750004 0.28201014375 0.405111478125 0.295918171875 0.3970854640625 0.30194478281250003 0.38641956875 0.30138409843749997 0.37946014375 0.3074667765625 0.393126125 0.3350540078125 0.410738390625 0.354250659375 0.41848446250000004 0.3514335921875 0.43296319843750003 0.332849146875 0.44961524375 0.3262012328125 0.47020052031250004 0.3358813875 0.48994596562500004 0.3551901734375 0.516557521875 0.36948613125
9 0.5928612281250001 0.600270259375 0.605660303125 0.6009430796874999 0.6435508265625 0.5964863828125 0.6485105156250001 0.6010461171875 0.652857134375 0.6249191890625 0.65809676875 0.6262693796875001 0.6942273703125 0.6174211515625 0.7190920609375 0.602606934375 0.6915333375 0.53774776875 0.68117349375 0.4845402484375 0.6687607296875 0.45486938906249996 0.670480521875 0.447436521875 0.6960917265625 0.4240635140625 0.7197031968750001 0.41133292499999996 0.721236359375 0.40603975156249994 0.71724994375 0.40260593437500003 0.71085040625 0.4022695234375 0.6827859484375 0.4169155375 0.598539390625 0.4737478265625 0.584527228125 0.48698303281250005 0.56999530625 0.518461728125 0.5584895796875 0.5275296796875 0.5638496046875 0.5643530640625001 0.58275521875 0.5932904859375 0.5928612281250001 0.600270259375
9 0.7647576640625 0.8038368890625 0.77875580625 0.7293399921875 0.7475437968749999 0.64494321875 0.739477653125 0.6391454296875 0.69737395625 0.6304836046875 0.65656360625 0.631562553125 0.6968160015625 0.80886336875 0.7047888328125 0.8157310046875 0.757931684375 0.8206741187500001 0.7647576640625 0.8038368890625
9 0.6925496437499999 0.8086390953124999 0.696402615625 0.8013183625 0.6492971625 0.6043117312499999 0.644617415625 0.5965424515625 0.6382178781250001 0.5962060421875 0.5652633421875 0.6095670328125 0.5509311046875001 0.6141873859375 0.548051409375 0.622634034375 0.5847027359375 0.6815226578125 0.6080613390625 0.7085446546874999 0.6183539765625 0.71338473125 0.6279402296875001 0.7386079921875 0.6618182296875 0.7801547703125 0.6515125359375 0.800033340625 0.6317540359375 0.8054431984375 0.6189950921875 0.8165947765625001 0.6163953390625 0.8218318796874999 0.6227948765625 0.8221682906250001 0.6925496437499999 0.8086390953124999
9 0.5550669203124999 0.8615981187499999 0.6337939015625 0.8066251843750001 0.6618182296875 0.7801547703125 0.6181141625000001 0.728418675 0.6121410671875 0.710908625 0.5860492703125 0.678369178125 0.549304628125 0.62055040625 0.5229328859375 0.59122050625 0.45167203125000005 0.6465859203125001 0.450925515625 0.65514470625 0.4638580359375 0.6665720765625001 0.4674180078125 0.687179534375 0.4427800796875 0.7116784546875 0.43280751406249995 0.715453234375 0.4312743515625 0.72074640625 0.487724309375 0.7860495703125 0.49309738750000004 0.798154309375 0.5354147890625 0.8412194828124999 0.5486673828125 0.8612617078125 0.5550669203124999 0.8615981187499999
2 0.353307909375 0.8284222453125001 0.36500026406249997 0.8172146 0.417768890625 0.740456771875 0.4358738390625 0.7048668874999999 0.45577883750000003 0.6854929328125 0.4614449140625 0.6696694859375001 0.438686328125 0.6480527953124999 0.42542067968749997 0.6527292171875 0.41396813750000006 0.64890291875 0.31870756718750004 0.5740362890624999 0.2940957453125 0.54909791875 0.287789521875 0.5476916625 0.266817934375 0.5670095468749999 0.2435666671875 0.6001793890625 0.21127598124999997 0.6264255296875 0.1823586375 0.6754188250000001 0.1776658390625 0.692368190625 0.2240228390625 0.725972934375 0.270699915625 0.7681925328125 0.353307909375 0.8284222453125001
9 0.12842914218749998 0.667210096875 0.14549457500000001 0.6681071890625 0.1808786609375 0.6678177515625 0.1899712640625 0.6618472093750001 0.1912776671875 0.64686933125 0.20330315156249998 0.6195578937499999 0.2183939921875 0.49567977343749997 0.21408750312499997 0.4836311015625 0.1840764953125 0.4960252828125 0.12326917500000001 0.5052481453125 0.113211946875 0.6205540078125 0.12000279218750001 0.6409730546875 0.120362996875 0.6614123078125 0.12842914218749998 0.667210096875
9 0.2782424328125 0.44831246093750005 0.2426978265625 0.40130430625 0.228845215625 0.375856771875 0.212206225 0.35778603750000004 0.210912875 0.3480452671875 0.22385845 0.3347539921875 0.2044732078125 0.3358844578125 0.1992074671875 0.383971559375 0.2035811609375 0.44438767500000004 0.198688675 0.4881953859375 0.21399418906249998 0.48470094843749995 0.22172720625000003 0.5066025296875 0.2308599390625 0.5124563859375 0.24987192343750003 0.5156053125 0.30385460468750003 0.5109197937500001 0.3098407546875 0.503711196875 0.2782424328125 0.44831246093750005
9 0.5650394859375 0.8578233390625 0.5498272875 0.860247928125 0.5150693265624999 0.8165053859375 0.4931907015625 0.7970844625 0.480031421875 0.7759723875 0.4468467546875 0.7387610718750001 0.44054053125000003 0.7373548140625 0.386385240625 0.8054417203125 0.5335494671875 0.9485967843750001 0.5519483796875 0.971059046875 0.5667923218750001 0.9802071765625 0.5675048234375 0.9801822953125001 0.595131721875 0.95505829375 0.631235246875 0.9096670234375 0.6519268921875 0.8935586828125001 0.6968430796875 0.8454064125 0.70000271875 0.8337502203125 0.6771508171875 0.813203378125 0.6436199671875 0.8168145000000001 0.6119423515625 0.823747303125 0.5756652515625 0.846559625 0.5650394859375 0.8578233390625
9 0.35920074375 0.8222835 0.35145467343750003 0.8251005656249999 0.29081861875000004 0.7832219265625 0.20381082187500002 0.7120133875 0.1893451390625 0.7058791906249999 0.1572681578125 0.766528678125 0.2889262203125 0.8540561828125 0.34377580937499996 0.876285075 0.3722406 0.8939027140625001 0.44480882343749995 0.9095397625 0.45535432968749995 0.8746272484375 0.395331346875 0.8134352734375 0.3861986125 0.8075814171875001 0.37135967187499996 0.8057266109375 0.35920074375 0.8222835