5 0.5203125 0.4713541671875 0.5125 0.4596354171875 0.51640625 0.4296875 0.52421875 0.41015625 0.5229166671875001 0.3984375 0.50859375 0.3763020828125 0.47734375 0.375 0.44739583281249995 0.38671875 0.4565104171875 0.37890625 0.44739583281249995 0.3697916671875 0.45520833281249995 0.3658854171875 0.4408854171875 0.3541666671875 0.41614583281249995 0.3567708328125 0.41223958281249995 0.3776041671875 0.41484375 0.3997395828125 0.41484375 0.40234375 0.434375 0.41015625 0.44348958281249995 0.4296875 0.4604166671875 0.4583333328125 0.4734375 0.48828125 0.50078125 0.4947916671875 0.5203125 0.4713541671875
5 0.53984375 0.72265625 0.5346354171875001 0.6940104171875 0.5268229171875001 0.6783854171875 0.5072916671875001 0.6770833328125 0.5072916671875001 0.7005208328125 0.4890625 0.7174479171875 0.49427083281249995 0.6497395828125 0.4721354171875 0.640625 0.4565104171875 0.6341145828125 0.4369791671875 0.62109375 0.4265625 0.6484375 0.41223958281249995 0.6770833328125 0.39010416718749996 0.7161458328125 0.37057291718749996 0.73046875 0.35885416718749996 0.73046875 0.34713541718749996 0.75 0.35104166718749996 0.7669270828125 0.365296053125 0.76959978125 0.36499255937499997 0.7699032734375 0.37057291718749996 0.7721354171875 0.4135416671875 0.765625 0.39921875 0.734375 0.41614583281249995 0.7473958328125 0.43958333281249995 0.7682291671875 0.46302083281249995 0.7669270828125 0.5059895828125 0.7682291671875 0.5385416671875001 0.7630208328125 0.53984375 0.72265625
5 0.621875 0.6614583328125 0.6088541671875001 0.6471354171875 0.5880208328125 0.6236979171875 0.5723958328125 0.6315104171875 0.57890625 0.6484375 0.5763020828125 0.6731770828125 0.5580729171875001 0.6940104171875 0.5645833328125 0.7291666671875 0.5463541671875001 0.74609375 0.5424479171875001 0.7434895828125 0.5346354171875001 0.7643229171875 0.5489583328125 0.7643229171875 0.5932291671875001 0.7604166671875 0.6140625 0.73046875 0.61796875 0.7057291671875 0.621875 0.6614583328125
8 0.2989583328125 0.6158854171875 0.2703125 0.6380208328125 0.2638020828125 0.6848958328125 0.2638020828125 0.69140625 0.27291666718749996 0.7278645828125 0.29635416718749996 0.7395833328125 0.3145833328125 0.7356770828125 0.34713541718749996 0.72265625 0.37447916718749996 0.7200520828125 0.3796875 0.7252604171875 0.3927083328125 0.7083333328125 0.3966145828125 0.6888020828125 0.3796875 0.6770833328125 0.35625 0.6380208328125 0.3341145828125 0.6158854171875 0.2989583328125 0.6158854171875
3 0.5971354171875001 0.5338541671875 0.60234375 0.51171875 0.59453125 0.5026041671875 0.57109375 0.4817708328125 0.559375 0.47265625 0.528125 0.4973958328125 0.4486979171875 0.5638020828125 0.43567708281249995 0.6002604171875 0.39401041718749996 0.6484375 0.3848958328125 0.640625 0.37057291718749996 0.6588541671875 0.3875 0.68359375 0.40833333281249995 0.6692708328125 0.4109375 0.6692708328125 0.46692708281249995 0.6028645828125 0.4734375 0.6119791671875 0.496875 0.609375 0.5268229171875001 0.58984375 0.559375 0.5611979171875 0.5971354171875001 0.5338541671875
2 0.6557291671875001 0.5611979171875 0.6296875 0.53125 0.5932291671875001 0.4986979171875 0.59453125 0.5208333328125 0.57109375 0.5364583328125 0.57217881875 0.5559895828125 0.5697916671875001 0.5559895828125 0.5776041671875001 0.62109375 0.5984375 0.6171875 0.6661458328125 0.6393229171875 0.6986979171875001 0.671875 0.71171875 0.6861979171875 0.74296875 0.6861979171875 0.715625 0.6302083328125 0.68046875 0.5963541671875 0.6557291671875001 0.5611979171875
6 0.33932291718749996 0.6184895828125 0.35234375 0.6341145828125 0.38359375 0.6315104171875 0.40703125 0.62890625 0.43046875 0.6041666671875 0.4486979171875 0.5625 0.4890625 0.5234375 0.46953125 0.4778645828125 0.45520833281249995 0.4622395828125 0.45520833281249995 0.4466145828125 0.43567708281249995 0.4192708328125 0.40833333281249995 0.3971354171875 0.3888020828125 0.4049479171875 0.37057291718749996 0.40625 0.32369791718749996 0.4375 0.2598958328125 0.4947916671875 0.2546875 0.5458333328125 0.2546875 0.56298828125 0.2638020828125 0.59375 0.2833333328125 0.6236979171875 0.2872395828125 0.6223958328125 0.2852864578125 0.6204427078125 0.3067708328125 0.61328125 0.33932291718749996 0.6184895828125
8 0.5567708328125 0.390625 0.5333333328125 0.4036458328125 0.5151041671875001 0.4388020828125 0.5177083328125 0.4700520828125 0.5372395828125 0.4856770828125 0.5385416671875001 0.48828125 0.5658854171875001 0.47265625 0.5919270828125 0.4856770828125 0.6140625 0.4622395828125 0.61796875 0.4283854171875 0.5997395828125 0.4010416671875 0.5567708328125 0.390625
8 0.6947916671875001 0.6028645828125 0.72734375 0.6028645828125 0.7453125 0.5938802078125 0.7453125 0.48827401562499995 0.6986979171875001 0.4869791671875 0.684375 0.4973958328125 0.67265625 0.5013020828125 0.6401041671875001 0.5221354171875 0.66484375 0.5768229171875 0.6947916671875001 0.6028645828125
5 0.46021634687499996 0.6358173078125 0.4774439109375 0.6414262828124999 0.5034855765625 0.6546474359375 0.4930689109375 0.6518429484375 0.49387019218750006 0.6790865390625 0.489463140625 0.7167467953125 0.5066907046875 0.693509615625 0.5082932687499999 0.6770833328125 0.525921475 0.677884615625 0.53233173125 0.6858974359375 0.5363381406250001 0.697115384375 0.5399439109374999 0.6979166671875 0.5683894234375 0.681891025 0.5691907046875 0.6782852562499999 0.5756009609375 0.6762820515625 0.577203525 0.65985576875 0.5756009609375 0.6510416671875 0.563982371875 0.6302083328125 0.5599759609375 0.6217948718749999 0.5535657046875 0.609775640625 0.54795673125 0.600560896875 0.5519631406250001 0.594150640625 0.5431490390625 0.591346153125 0.544751603125 0.584935896875 0.5395432687499999 0.5813301281250001 0.525921475 0.5905448718749999 0.5118990390625 0.600560896875 0.495873396875 0.6077724359375 0.4806490390625 0.6121794875 0.464623396875 0.6077724359375 0.44579326874999997 0.6262019234375 0.46021634687499996 0.6358173078125
7 0.6109375 0.7614583328125 0.6432291671875 0.7635416671875 0.6869791671875001 0.765625 0.6828125 0.7645833328125 0.7057291671875 0.7427083328124999 0.7171875 0.7166666671875 0.7067708328125 0.7010416671875 0.6744791671875 0.6885416671875 0.6453125 0.690625 0.6296875 0.7104166671875001 0.6151041671875 0.7291666671875 0.6109375 0.7614583328125