7 0.714886353125 0.0886748015625 0.7038926187500001 0.0984551859375 0.6864725609375 0.125435421875 0.6654445640625 0.159452990625 0.66357064375 0.170689078125 0.6648399328125 0.181042659375 0.6655520328125 0.18519364375 0.6577015109375 0.1940915234375 0.6550380359375 0.20220242968750002 0.6749342265625 0.21033839062499998 0.679486628125 0.20437462499999998 0.6885914343749999 0.19244709843750002 0.6926791078125001 0.19263816250000002 0.70234110625 0.18691323124999998 0.74032443125 0.1320702546875 0.745419015625 0.118925859375 0.7360518328125 0.10716434062499999 0.7315618765624999 0.0987190734375 0.7238662640625 0.1055653421875 0.7203982265625 0.09716783906250001 0.714886353125 0.0886748015625
7 0.491111840625 0.6618992578125 0.5046765859375 0.6316505421875 0.5154853968750001 0.5971553093749999 0.5184586906249999 0.5849411828125 0.5145733640625 0.5549062484375 0.5085817546875 0.5391848109375 0.509046484375 0.5330299828125 0.5088765671875 0.5216983625 0.513274059375 0.5177862078125 0.5144375546875 0.5044580640625 0.496351165625 0.49743612343750004 0.486456803125 0.5062384718749999 0.4817494921875 0.5142538437499999 0.47279959531250004 0.5241297609375 0.4651814359375 0.5299502265625 0.44310150625 0.537153571875 0.4134034171875 0.550177384375 0.403586509375 0.557953925 0.395658534375 0.567877609375 0.3585422171875 0.6248199609375 0.354082275 0.6431411484375 0.371934628125 0.6511815750000001 0.3788556953125 0.654593353125 0.3841201984375 0.652780575 0.39780742187499996 0.6616557421875 0.4088161640625 0.6652585875 0.43868416874999994 0.66356639375 0.491111840625 0.6618992578125
7 0.48722648281250003 0.4980390453125 0.46255039375000007 0.49688564062499996 0.4496202921875 0.5323111468749999 0.46313759687499995 0.52985469375 0.4722424046875 0.517927165625 0.48017038124999994 0.50800348125 0.48722648281250003 0.4980390453125
7 0.29854931093750003 0.4942057375 0.28316849374999997 0.4870970875 0.2631572828125 0.48509677343749996 0.259424071875 0.49237695312499996 0.268411678125 0.527940528125 0.286275209375 0.5724386109374999 0.293356771875 0.57702943125 0.31708541874999996 0.5579044265624999 0.3236388828125 0.527327084375 0.312632303125 0.5044485875 0.29854931093750003 0.4942057375
7 0.5657491703125 0.4883268078125 0.566601171875 0.47704295625000004 0.5499730890625 0.4392064234375 0.5225211859375001 0.42248189218750004 0.5032746484375 0.43290595468750004 0.4948044875 0.4500102734375 0.49703324843749996 0.474820653125 0.50246766875 0.48433949218750005 0.5124695 0.5012777984375 0.5212020374999999 0.5078625265625 0.5279681953125 0.5133259125 0.53662328125 0.5209364421875 0.5481841109375 0.5194179671875 0.5588581203125 0.5116814875 0.5630082421875 0.49746352031249996 0.5657491703125 0.4883268078125
7 0.3242341125 0.522332671875 0.3185348984375 0.5570667359375 0.301332196875 0.567586328125 0.294271228125 0.5796093875 0.29602025468750004 0.59719136875 0.3187648453125 0.62193126875 0.3433059 0.6364608890625 0.3518685203125 0.6317139984375 0.3735311625 0.6028732156250001 0.3879629203125 0.574723878125 0.403663965625 0.5569281203124999 0.40490324062500005 0.54051524375 0.4063748796875 0.521024953125 0.40495068125 0.51272298125 0.4031769234375 0.49719869375 0.41230646249999997 0.48321347187499997 0.4206217125 0.4681607671875 0.42217080781250005 0.4476446703125 0.40885585 0.42025724999999997 0.403978621875 0.416941003125 0.3885723875 0.4172503140625 0.3808767734375 0.42409658281249996 0.3776561078125 0.42600489374999995 0.36593526718749997 0.418251065625 0.3612904015625 0.4118574046875 0.343685421875 0.414122790625 0.3359123515625 0.421994865625 0.32476370781249997 0.433826859375 0.32234760625000003 0.45224357968750006 0.31890958281250004 0.470612534375 0.32332208281249997 0.480083609375 0.32688258124999997 0.5008385359374999 0.3242341125 0.522332671875
7 0.5202310390625 0.5752094765625 0.5332618515624999 0.5900179453125001 0.5445302671875 0.6047440359375 0.5515930046874999 0.6166111609375 0.5568933453125 0.628395909375 0.565451390625 0.6438827734375 0.5679745875 0.6573126359375 0.589390459375 0.6547638046875 0.6288977234375001 0.64684836875 0.6619027296875 0.6430663125 0.6343457984375 0.6098296359375001 0.6105271296875 0.5856423078125 0.5884172328124999 0.5739593140625 0.5841984124999999 0.5595627328125 0.5707538140625 0.53852269375 0.5517013000000001 0.5331948375 0.5467348249999999 0.5169883875 0.532635640625 0.516329365625 0.5202320796875 0.5166370640625 0.512314434375 0.5278039796875 0.51483763125 0.5412338421875 0.5183755750000001 0.5529362124999999 0.5202310390625 0.5752094765625
7 0.7321150296875001 0.5283157734375 0.7724409390625 0.5845133265625 0.7779842921875 0.595421971875 0.778095971875 0.6220510359375 0.788606009375 0.63745165 0.7907208859375 0.6375505031250001 0.8195234421875 0.256091515625 0.78702671875 0.25079958125 0.7539413765625 0.2673573265625 0.7403864812500001 0.2922826390625 0.7321150296875001 0.5283157734375
7 0.6211823484375001 0.39533611875 0.6416901015625001 0.4048143203125 0.6534979625 0.41708073125 0.6724517328124999 0.41903161874999995 0.6862627921875 0.40476781875 0.6853498328125001 0.3887508375 0.690701378125 0.37409162500000004 0.6658364140625 0.3239415140625 0.6559030484374999 0.31495757968750004 0.6474435374999999 0.314562165625 0.6261345031250001 0.31569605312500004 0.6150149953125 0.336475384375 0.61323640625 0.3459768359375 0.6211823484375001 0.39533611875
7 0.5535037609375 0.5327466109375 0.5679072671875 0.538744625 0.5843612984375001 0.5597478390624999 0.63729759375 0.547312825 0.6390761828125 0.5378113734375 0.6540248078124999 0.5225357890625 0.6509969718749999 0.50641995625 0.6589599390624999 0.49933748125 0.6576463390625 0.48862654375 0.6430825812500001 0.48475094687500003 0.639493846875 0.476063571875 0.6246897031249999 0.4753715984375 0.5611146671875 0.502218696875 0.5548659359375 0.514706065625 0.5535037609375 0.5327466109375
7 0.557736015625 0.39237052499999997 0.547017146875 0.4078438125 0.5493881843749999 0.4186041796875 0.570873246875 0.42919301406250004 0.5769131453125 0.44757954375000003 0.623295978125 0.46572186875000005 0.6599858265625 0.4716966328125 0.664119678125 0.45911041093750005 0.6828172890624999 0.45039978593749996 0.6835384421875 0.4408489078125 0.6746467390625 0.4180692640625 0.654635528125 0.41606895 0.6417702296875001 0.4037531109375 0.5897796921875 0.3896084875 0.5787245359375001 0.3954814734375 0.557736015625 0.39237052499999997
7 0.5597707656249999 0.3935305859375 0.5745749078125 0.3942225578125 0.5761932437499999 0.3868435265625 0.566580390625 0.37361475624999996 0.55857009375 0.33916181875 0.5495339125 0.3323497265625 0.5314773234375 0.3325706859375 0.524491665625 0.3407637921875 0.483267325 0.3526812953125 0.47842934687499994 0.3183766328125 0.4717484265625 0.308479771875 0.47096417187500006 0.2626500984375 0.46574132968750004 0.24749662031250003 0.44196535312499996 0.22508621093749998 0.41796477187500003 0.2197045640625 0.369754775 0.23981517343749997 0.3506565234375 0.2538318421875 0.332134940625 0.2742651875 0.3254855734375 0.2920586 0.32566160312500003 0.3037813203125 0.35932236875 0.363927146875 0.3902600328125 0.38986716875 0.4088131640625 0.397124096875 0.4603544859375 0.445326246875 0.47898774531250005 0.45152196718750004 0.4833134046875 0.46450360156250003 0.49299060937499994 0.4628260234375 0.5045908859375 0.43567944374999995 0.515966553125 0.42556162343750004 0.5418258546875 0.420380609375 0.5518879234375 0.3995518515625 0.5597707656249999 0.3935305859375
7 0.311414609375 0.5065215765625 0.3236388828125 0.527327084375 0.330769021875 0.5031664218749999 0.321124615625 0.462247378125 0.328895775 0.429597046875 0.31481278281249997 0.4193541984375 0.279020115625 0.41555127656249996 0.246666546875 0.394309340625 0.2420923390625 0.45488982812499995 0.25950419999999996 0.49131574687499996 0.29619404843749997 0.4972905109375 0.311414609375 0.5065215765625
7 0.5744947796875 0.395283765625 0.5875846874999999 0.39057084375 0.6211823484375001 0.39533611875 0.6234417046875 0.37946741875 0.6133165328125 0.344915625 0.6145985796875 0.32793629062499996 0.6026146890625 0.30394715625 0.58593605 0.2999727046875 0.568536259375 0.30554913125 0.5579776468750001 0.318900003125 0.5566956000000001 0.33587934062499997 0.5658592390625 0.3831656328125 0.5744947796875 0.395283765625
7 0.4717338984375 0.2243477390625 0.486473690625 0.23994605624999998 0.5121083843750001 0.25179380625 0.52832203125 0.2759806453125 0.55961300625 0.2550792109375 0.5787270343750001 0.25490768125 0.573343934375 0.24187661875000002 0.5257276328125 0.211962146875 0.5091133484375 0.19308134999999998 0.4807227546875 0.18962441562500001 0.47609235937500005 0.1947327515625 0.474730184375 0.21277329531250003 0.47026004375 0.21575921718750002 0.4717338984375 0.2243477390625
7 0.6762517953125 0.2562713015625 0.697384796875 0.24341469375 0.693956321875 0.23260490156250002 0.6859775781249999 0.22584224062499997 0.6322728015625 0.2062927203125 0.606974396875 0.2040452734375 0.5983060546875001 0.2345237625 0.601013378125 0.2548844296875 0.6200630546875 0.269619246875 0.6360848921875 0.268238228125 0.6599252203125 0.2757422921875 0.6762517953125 0.2562713015625
7 0.260036040625 0.31562321875 0.2725492765625 0.3044936171875 0.2963738265625 0.29815254062499996 0.324604165625 0.30373189375 0.33075699062499997 0.2784605953125 0.3401780375 0.26612150625000003 0.3642271953125 0.2427516671875 0.386097125 0.23418932187500002 0.37786222187499996 0.21676514687499998 0.3419736515625 0.20017829687500002 0.2789910625 0.24728720937499998 0.2567944578125 0.2601760203125 0.252418240625 0.31813433281250003 0.260036040625 0.31562321875
7 0.4623639265625 0.0673615515625 0.443826571875 0.0739497578125 0.43972426875000004 0.1142262578125 0.4497377625 0.1221489828125 0.457251515625 0.149124034375 0.4667041125 0.16447522187500002 0.48915071406250005 0.162329553125 0.5068867906250001 0.16635343125 0.5390105968750001 0.162530184375 0.5322665734375 0.097252771875 0.509115846875 0.05250755781250001 0.49690734531249997 0.0455471875 0.48219910468749994 0.057639145312499994 0.47170484375 0.0560836703125 0.4623639265625 0.0673615515625
7 0.5069984703125 0.192982496875 0.5287396953125 0.21423284374999998 0.5472127 0.2225509828125 0.5611354375000001 0.23491624843749997 0.5695949484375 0.23531166093749997 0.6017515546875 0.1888917953125 0.557723984375 0.1676646984375 0.532505709375 0.16435604374999999 0.5118534734375 0.170845396875 0.47727850156249996 0.1649694875 0.4676170734375 0.1804922015625 0.47747031093750003 0.19053734375 0.5069984703125 0.192982496875
7 0.8218778296875 0.22491017656249998 0.7522611890625 0.1490689140625 0.73777755625 0.14413210781250002 0.693348096875 0.19849794999999998 0.692626946875 0.2080488265625 0.7245419203125001 0.23509948125000002 0.7479816078125 0.2479095890625 0.7544864984374999 0.24608372968749997 0.7630103593750001 0.23157279687500001 0.7731683328125001 0.22352796718749998 0.797809940625 0.22041994531250003 0.8108354953125 0.23061336875 0.8146002578125 0.25102346249999996 0.819837371875 0.25193385 0.8218778296875 0.22491017656249998
7 0.5272803671874999 0.2897763578125 0.5126364796875 0.2869619671875 0.4880750015625 0.2890087828125 0.47320650468750003 0.30322315624999996 0.48139283125 0.3493988140625 0.513596765625 0.3445143625 0.53033975625 0.3335824671875 0.5345537359375 0.319935034375 0.5339612890625001 0.29967321875 0.5272803671874999 0.2897763578125
7 0.48474242968750003 0.29098291875000004 0.52556613125 0.2843714609375 0.524492915625 0.270476896875 0.5070615734375 0.24836304843749998 0.477934053125 0.24061185156249998 0.468096590625 0.244411846875 0.4733509859375 0.287255603125 0.48474242968750003 0.29098291875000004
7 0.6781553437500001 0.427817846875 0.6886010296875 0.45812480625 0.7062727546875001 0.4770550296875 0.7340065484375 0.47515649375 0.7367794734374999 0.4103239203125 0.7331749671875001 0.3877914078125 0.7114337390625 0.36654106249999996 0.6864558484375001 0.36004878125 0.6781553437500001 0.427817846875
7 0.6391563125 0.5367501640625 0.6134730421875 0.553653896875 0.6120307390625 0.5727556515625001 0.6248159109375 0.5861326984375 0.6537673984375 0.582161175 0.7004076390625 0.5406781140625 0.6994789031249999 0.5108159953125 0.7091245578125001 0.4814481421875 0.69528195 0.46802166874999995 0.6836501203124999 0.467477975 0.678042415625 0.4714756765625 0.6727709953125001 0.4850736828125 0.6509168453124999 0.507481165625 0.6391563125 0.5367501640625
7 0.418109253125 0.2037370109375 0.42764197656249997 0.2180269875 0.46614196874999997 0.2421905765625 0.4770368703125 0.238440009375 0.47075658750000005 0.2232371015625 0.46375515624999997 0.2175850734375 0.46854580781250005 0.2103543203125 0.4750506953125 0.20852846249999998 0.4773901828125 0.19159855312500002 0.4625702609375 0.1770614421875 0.4561940765625 0.14907460781249998 0.44577994218750006 0.14645792500000002 0.43277016562500004 0.1501096421875 0.43385915468749997 0.17784934218749998 0.418109253125 0.2037370109375
7 0.6625681921875 0.3110093046875 0.6896281625 0.3601970609375 0.7051692359375 0.3651832921875 0.7181947890625 0.37537671562499997 0.7317812390625 0.378141678125 0.738606640625 0.3720709859375 0.73876814375 0.29966167499999996 0.7440237875 0.27221853125 0.726432190625 0.2522271 0.6972245421875 0.24553711250000002 0.675274484375 0.2551606671875 0.664555615625 0.270633953125 0.660277284375 0.29918773125000003 0.6625681921875 0.3110093046875
7 0.66463574375 0.269572746875 0.6332330890625 0.2638451140625 0.6124205984375 0.2724568859375 0.6055150703125001 0.27958878593750003 0.6032714890624999 0.309302625 0.6148389625 0.3247526625 0.6293068203125001 0.31584433437500004 0.653868296875 0.31379751875 0.6609340828125 0.3045432 0.66463574375 0.269572746875
7 0.7545666265625 0.245022521875 0.7553994562499999 0.2621007125 0.77922400625 0.2557596359375 0.8194847578125 0.2566038484375 0.8210893718750001 0.23535246718749997 0.8030170046875 0.2217282859375 0.7883731171874999 0.2189138984375 0.7721108953125 0.223478540625 0.7607352265625 0.23359636093749997 0.7545666265625 0.245022521875