3 0.313875946875 0.4461249328125 0.2741851453125 0.4324337015625 0.2420118203125 0.4269408671875 0.23190986093750002 0.4215974828125 0.2114291234375 0.420805959375 0.1877285640625 0.42892353749999995 0.14835771250000002 0.42669841406250003 0.14426202187499998 0.4294387390625 0.14004834531250002 0.44056078125000003 0.1647473234375 0.45921657031249996 0.1812957671875 0.4902212046875 0.1991148890625 0.50911765625 0.3132974296875 0.5604992875 0.33369875000000004 0.562047575 0.3439186953125 0.5590092390625 0.35628518593749997 0.5500315015624999 0.3711953109375 0.531330553125 0.3773967 0.51578263125 0.3796998 0.49383655312499997 0.36176041406250004 0.4688286671875 0.313875946875 0.4461249328125
3 0.601627303125 0.374902625 0.5878290203125001 0.3830089125 0.5796807671875001 0.40985091249999994 0.5951967890625001 0.45069344375 0.6091970359375 0.4624349796875 0.6125416875 0.488623615625 0.6164399765625 0.495021771875 0.6230815828125 0.4970513875 0.6348921546875 0.4933709796875 0.64097555625 0.48620477500000003 0.6396186203124999 0.4555902578125 0.6434714968749999 0.4261339109375 0.6336055078125 0.404027090625 0.6287904984375 0.3845919640625 0.6175744140625 0.37535008593749997 0.601627303125 0.374902625
3 0.555664821875 0.435488690625 0.5459282265625001 0.47746591406250005 0.5501056156249999 0.48846197968749994 0.5624358203125001 0.501602353125 0.5668923125 0.51719633125 0.5745686234375 0.523881203125 0.5853853390625 0.5224137359375 0.59003695 0.51437608125 0.595634725 0.45377783125000004 0.583817309375 0.4139787828125 0.57538539375 0.407236565625 0.563295721875 0.4063190609375 0.558206171875 0.41127232812500003 0.555664821875 0.435488690625
3 0.5682446859375 0.5188245421875 0.564702634375 0.5017743859375 0.5462073265625 0.482063828125 0.5417553984375 0.495456153125 0.54438529375 0.5284556421875 0.5376711140625 0.57066224375 0.54674065 0.5858435234375 0.5470220343750001 0.6049345890625 0.5533459703125 0.6099912515625 0.5601464109375 0.610507346875 0.56833779375 0.6050266953125 0.56793614375 0.579824196875 0.5728260078125 0.5695162593750001 0.5838401234374999 0.5589103109375 0.5879335359375 0.5416768328125 0.5789434171875001 0.525738790625 0.5682446859375 0.5188245421875
3 0.63739721875 0.49127272812499995 0.6286884828125 0.4944257515625 0.6197800625000001 0.49222410156249996 0.6057798156249999 0.4804825640625 0.5981489171875001 0.509652190625 0.5966014203125 0.5316556140625 0.59998235625 0.5357261390625 0.6029276390625 0.5512054296875 0.610086596875 0.555562675 0.6242071140625 0.573415646875 0.6275903328125 0.591979325 0.6349489734375 0.6016912453125001 0.64485125 0.6016799546875 0.6525252796875 0.593871675 0.6521259109375 0.5831623296874999 0.64838645625 0.5752506515625 0.660825521875 0.522036696875 0.6626089859375 0.48326983749999997 0.6430426875 0.481022134375 0.63739721875 0.49127272812499995
3 0.3890575625 0.57158835625 0.3660331921875 0.5805200390625 0.35601293125 0.588913046875 0.334220665625 0.5933615078125001 0.317082296875 0.6042654671875 0.30204962343749997 0.602361825 0.29859155312499996 0.6135412140625001 0.3016162515625 0.6282637421875 0.35402978125 0.622325234375 0.40759828125 0.627153415625 0.41765939375 0.6256286015625 0.4156285484375 0.608693134375 0.42170967187499997 0.587033775 0.41912290781249995 0.5753956359375 0.41490695000000005 0.5720245265624999 0.3890575625 0.57158835625
3 0.21172191406250002 0.5123627890625 0.2002290125 0.5130161515625 0.198996903125 0.5174993734375 0.204209 0.533150696875 0.22835433749999998 0.5715969656250001 0.23770525625 0.6058693109375 0.245540403125 0.611040659375 0.278310496875 0.6181043609375 0.296565271875 0.6255920500000001 0.3012577328125 0.6244225921875 0.30077666718749996 0.5999768546875 0.3166443625 0.6011810765625001 0.3237624703125 0.598670128125 0.3228865984375 0.59250135 0.3149311875 0.5812185640624999 0.281242090625 0.5466247359375 0.21172191406250002 0.5123627890625
3 0.3515678484375 0.645784834375 0.36182864062500003 0.6496146953124999 0.36302218124999996 0.6527564265625 0.37097531250000004 0.6495460609375 0.3799608671875 0.6364977953125 0.3804373703125 0.631957228125 0.372084871875 0.6244582484375 0.35025175937499997 0.6220385140625 0.321738471875 0.6252141171875001 0.3447265578125 0.63840054375 0.3515678484375 0.645784834375
3 0.692025303125 0.406172290625 0.6730943421875 0.397870496875 0.6562327921875 0.39887921406250004 0.6384976531250001 0.40821230625 0.6418808703125001 0.42677598593750005 0.638107409375 0.4554755703125 0.6418899953125 0.48474859531250003 0.6678210828125 0.49892115937500003 0.673432546875 0.5252818265625 0.6927243078124999 0.5519179234375 0.7072396265625 0.5514939359375 0.7164248671875 0.543800346875 0.7170987703125 0.5301212984375 0.7124040296875 0.5167976046875 0.7228190953125 0.49012763593750003 0.723293315625 0.471093915625 0.697434803125 0.4126851328125 0.692025303125 0.406172290625
3 0.7161843328125 0.5315774765625 0.7130847796875 0.5465980140625 0.705887253125 0.5498657265625 0.693876996875 0.5481914609375 0.68548365 0.5338242859375 0.683573075 0.523000253125 0.669375421875 0.5203971953125001 0.6552640328125 0.5605168359375 0.6640544671875 0.5711002015625 0.67626440625 0.5781291390625001 0.68525224375 0.5795740281249999 0.6977412828125 0.591200878125 0.7074484375 0.6148212203125001 0.714527978125 0.6199352265625 0.7261002999999999 0.618525103125 0.731825184375 0.6075177468749999 0.724146590625 0.5863397203125 0.73193404375 0.5411634171874999 0.724652534375 0.5162015828125 0.71685595625 0.5034052765625 0.7109722359374999 0.5159261546875 0.7161843328125 0.5315774765625
3 0.23747363125 0.3976104984375 0.21631670625 0.3960048671875 0.20721088281250002 0.402941696875 0.20633729375 0.4112660734375 0.21007674999999998 0.4191777484375 0.21882633437500001 0.42289292187500005 0.23023981718750003 0.42299631875 0.231712459375 0.43073596406250003 0.23736020937500002 0.434978521875 0.2706862234375 0.4367448953125 0.32533028124999996 0.45309652656250005 0.3495913234375 0.4686679234375 0.3868564765625 0.4837006453125 0.407654884375 0.481465125 0.40065247812499993 0.46110120468750004 0.36859714062500004 0.44722665156249997 0.3481141203125 0.431941975 0.309855109375 0.4191221921875 0.28746379375000003 0.4075066328125 0.2610176375 0.4054995953125 0.23747363125 0.3976104984375