0 0.7047610468750001 0.0689740875 0.5691554703125 0.08637591875 0.5525078375 0.17539559375 0.5548378265625 0.20195144375 0.5680557765625001 0.2081537125 0.6878794515625 0.219631971875 0.729903059375 0.211079821875 0.7356211578125 0.204027246875 0.736052928125 0.11866820156249999 0.7197018109375 0.11286800156250001 0.7064646875 0.0703351625 0.7047610468750001 0.0689740875
7 0.367434509375 0.3049851671875 0.314914940625 0.302246653125 0.2824868265625 0.2937704734375 0.2421476828125 0.26735312499999997 0.22428892656250002 0.24436972968749998 0.218159653125 0.24673597812499998 0.21394919687499997 0.2709717484375 0.1800709640625 0.3543040859375 0.17108264374999999 0.3601966203125 0.1618983234375 0.381911275 0.1311930234375 0.41112674218749995 0.087641178125 0.49254106875000003 0.0922819828125 0.509322196875 0.1162700109375 0.5299393453125 0.1415505046875 0.54723124375 0.1526536390625 0.547386109375 0.1682605234375 0.5627599953125 0.20607367499999998 0.578443615625 0.227731715625 0.5725049140625 0.2435935390625 0.554672446875 0.285519859375 0.490843384375 0.3096065984375 0.4403615 0.3317347515625 0.42172489375 0.34949621875000003 0.38943137656250004 0.3460697625 0.35037865625000003 0.367434509375 0.3049851671875
7 0.275529521875 0.7922678515625 0.25823817187500003 0.8118634625000001 0.25954981093749996 0.8448687828124999 0.283363271875 0.8749865140624999 0.4560128671875 0.8528309421875001 0.46056165781249997 0.8427690296874999 0.49351883281250003 0.8211630718749999 0.51081018125 0.8015674609375001 0.507931959375 0.7687631765625 0.479440184375 0.7329270078125 0.455589215625 0.71387196875 0.34144386875 0.7490559390625 0.3024944828125 0.7745902499999999 0.30004660781250003 0.7828028625 0.275529521875 0.7922678515625
0 0.29697380624999997 0.6394447546875 0.279408340625 0.65591615 0.2630764 0.686446521875 0.2660916796875 0.7208129140625 0.28224679531249997 0.7424352359374999 0.278917628125 0.758659428125 0.28498795781249997 0.7736774125 0.3011239 0.7589691625 0.32959649999999996 0.7584747578125 0.3686829453125 0.7345025546875 0.47709244218749997 0.5436646406250001 0.39539580625 0.497279415625 0.3781633984375 0.49949079531249996 0.312757515625 0.602665946875 0.29697380624999997 0.6394447546875
0 0.41710994531249995 0.7267083750000001 0.47485832187500004 0.6987616484375 0.490504971875 0.66042073125 0.5300615359374999 0.6237506234375 0.5193504 0.5919515125 0.48220336406250003 0.5477478640625 0.47464456874999994 0.5518772546874999 0.40291341249999996 0.673240775 0.41710994531249995 0.7267083750000001
0 0.582719584375 0.5016753015625001 0.5560876828125 0.5050928875 0.5184115874999999 0.4909713765625 0.5060159859375 0.49414176093749995 0.5031569375 0.49766804843749995 0.5037051703125 0.5039164828125 0.5242269734375 0.5391957140625 0.5360153999999999 0.5471611249999999 0.5432411375 0.5572917484375 0.5617070703125 0.569139346875 0.5711065625 0.567933140625 0.5924904843750001 0.558870221875 0.6103300671875 0.545523046875 0.6173406296875 0.5351452203125 0.612562765625 0.516801984375 0.6023409234375 0.5086355390625 0.591100728125 0.5069185640625 0.582719584375 0.5016753015625001
3 0.5925700234375 0.451440615625 0.527125790625 0.4819546234375 0.5198411109375 0.48920823281250003 0.5283593140625 0.49601360312500004 0.5560876828125 0.5050928875 0.58741933125 0.501072196875 0.606766553125 0.5049082171875 0.631831871875 0.501691665625 0.64095725 0.4973612390625 0.6598151828125001 0.47756459375000004 0.6678440953125 0.4607373 0.67191749375 0.43493941875 0.6663172828125 0.40722352968750003 0.6569177875000001 0.4084297375 0.5925700234375 0.451440615625
8 0.524309353125 0.179014215625 0.48923736250000005 0.194572771875 0.466168975 0.2386051875 0.4314492171875 0.27623430312499997 0.4194839640625 0.320421584375 0.39050147812499997 0.3873286984375 0.3901684203125 0.401588709375 0.3997830890625 0.4208909515625 0.4541241859375 0.3902220765625 0.5434591531249999 0.32504830625 0.5693084749999999 0.2585432640625 0.5981730765625 0.22640461250000002 0.5955100265625 0.214108778125 0.5570897 0.209560953125 0.5526448953124999 0.1769577046875 0.524309353125 0.179014215625
8 0.483656325 0.20318745468750002 0.49031465625 0.17073907187499998 0.4870252578125 0.1332484578125 0.472342871875 0.0987995703125 0.20926406718749999 0.1325596359375 0.20190724843750002 0.16983674531249998 0.2049225296875 0.2042031390625 0.2248371609375 0.250618165625 0.274379796875 0.2916514296875 0.3358287453125 0.305881640625 0.37969305468750003 0.300252671875 0.40877283125 0.28862247343749997 0.4373043734375 0.27074383750000003 0.4675984984375 0.23684204531250003 0.483656325 0.20318745468750002
8 0.0027763593749999997 0.1590575453125 0.0043019859375 0.2464606109375 0.1595299859375 0.2826942828125 0.16934065468749998 0.28617440312500003 0.1788182671875 0.3039145359375 0.19019551875000001 0.30719362031249997 0.20231700312499998 0.30089901874999997 0.21972623750000003 0.24653494375 0.2049225296875 0.2042031390625 0.202181365625 0.17296096249999998 0.2074581484375 0.132791384375 0.0027763593749999997 0.1590575453125
8 0.0995105609375 0.2667009296875 0.004310078125 0.246924228125 0.006457759374999999 0.3699647703125 0.0302862234375 0.36246760624999996 0.12257752968749999 0.3490444578125 0.1831260140625 0.3349556765625 0.1935438578125 0.32730000000000004 0.19659890625 0.30795158906250003 0.1820884890625 0.305074575 0.1659333765625 0.2834522546875 0.1335052578125 0.274976075 0.1130026296875 0.276027415625 0.0995105609375 0.2667009296875
8 0.8380370203125 0.1434936359375 0.8450859312500001 0.20577695468749999 0.8753594625 0.2619205359375 0.907728634375 0.287780946875 0.9474414281250001 0.28900351875 0.9949129359375 0.270319209375 0.975068396875 0.0441428265625 0.8729527750000001 0.0900424015625 0.8442252328125001 0.12374315625000001 0.8380370203125 0.1434936359375
8 0.875182634375 0.314073228125 0.8663903140625001 0.304143640625 0.8554242375 0.3055508828125 0.81347874375 0.3330493734375 0.8008871421875 0.3520418796875 0.7992616156250001 0.369627146875 0.8895148046875001 0.49547888437500004 0.90811779375 0.5088885921874999 0.9299128890624999 0.5045120015625 0.967432753125 0.48074083125 0.9904421984375 0.45409264687500006 0.990227025 0.43358420000000003 0.9174995359375 0.3449758671875 0.9060441671874999 0.32275044531249997 0.88771529375 0.312464953125 0.875182634375 0.314073228125
8 0.661518825 0.47892566875 0.6754220656250001 0.49293847968750004 0.751048371875 0.5243057203125 0.7992793703125 0.5323336624999999 0.8319034859375 0.5249877203125 0.8441030859374999 0.5376394578125 0.859220678125 0.5293806765625 0.8645276015625001 0.517641778125 0.8552268171874999 0.4477489515625 0.785084259375 0.3524901171875 0.7530673203125 0.3487002640625 0.6660431671875 0.4040993125 0.6704879703125 0.4367025625 0.661518825 0.47892566875
8 1 0.655420265625 0.9555441953124999 0.6702504015625 0.9061577906249999 0.66710981875 0.8849109265624999 0.677734846875 0.8378736828125 0.7374806859375 0.8257521984375 0.7437752890625 0.8414371968750001 0.7780955140625 0.8716443093749999 0.7994942843749999 1 0.7830228078125 1 0.655420265625
10 0.08832646875 0.5003516125 0.0565836453125 0.49968597812500004 0.1383172078125 0.7451082921875 0.157546546875 0.7837127749999999 0.22285229687500002 0.878012603125 0.23041109531249998 0.8738832140625 0.22849227968750002 0.8520136890625001 0.2621155703125 0.8018877062499999 0.2643482703125 0.7731666453125 0.234211796875 0.7185851703125 0.1648532421875 0.560037846875 0.1076147484375 0.521571865625 0.08832646875 0.5003516125