10 1 0.42617850468749996 0.9760115484374999 0.4234882546875 0.9553782109375 0.437626678125 0.9299607015625 0.454210378125 0.9146471125 0.45079980624999993 0.9111267234374999 0.4554546015625 0.9195858187500001 0.4629212984375 0.9047993359375001 0.4635705609375 0.9158558546875 0.47348624531250005 0.924888628125 0.48369941250000004 0.9326343296875 0.492359740625 0.9386039578125001 0.5132575875 0.979443015625 0.5159645937499999 1 0.5306448687499999 1 0.42617850468749996
10 0.6849433015625 0.3996412171875 0.5477899625 0.31223182031249996 0.509633003125 0.32851061875 0.4939468390625 0.3356069796875 0.547887325 0.4041094890625 0.617266296875 0.4535755984375 0.7128989453125001 0.51965138125 0.7116118765625 0.518098546875 0.7148761218749999 0.52066726875 0.729251928125 0.5126747546875 0.7241735078125 0.5044933625 0.7264237687499999 0.4599586234375 0.7142664671875 0.4432366359375 0.6849433015625 0.3996412171875
10 0.7242200796875 0.5031799953125 0.7292752140625 0.512018071875 0.7321203140625 0.5264070953125 0.7331046671875 0.5364968171875 0.73749298125 0.5452151578125 0.75620205625 0.5664179046875 0.764381721875 0.581764803125 0.7570149374999999 0.6002679640624999 0.720384253125 0.6492031890625001 0.7274165640625 0.65905715 0.7472899359375 0.647425725 0.7802753296875 0.6255922671875 0.8165249703124999 0.6063275328125 0.8127348812499999 0.5956081359375001 0.8156104750000001 0.5942677609375 0.8265357515625 0.5889599953125 0.829366034375 0.584842146875 0.8185275578125 0.5498527578125 0.7244762234375 0.4959564765625 0.7242200796875 0.5031799953125
10 0.8517860078125 0.690641034375 0.8685962390625 0.6896942921875 0.8965878875 0.6762162625 0.915150903125 0.6636886843750001 0.9248822531249999 0.654201346875 0.9218974375 0.643752425 0.9153223765625 0.639928346875 0.9197424468750001 0.6288264531250001 0.9285741125 0.6257862125 0.9389024234375001 0.618388659375 0.9406086406249999 0.60812119375 0.9220625640625 0.5823216609374999 0.8979024921875001 0.5634444546874999 0.8865199703125001 0.5627223406249999 0.8779677328125001 0.5578823765625 0.8621651421875001 0.5682621546875 0.8401515921874999 0.5834744796875 0.812206515625 0.595639140625 0.812477475 0.60692249375 0.7775149046875 0.6277400656250001 0.7493602546875 0.6458148796875001 0.730843809375 0.6570290890625 0.721508321875 0.6553528078124999 0.7217064859375 0.6550212421875 0.7133434750000001 0.6585127796875 0.7651141484374999 0.69358244375 0.7868630828125001 0.7047571968749999 0.8266013593749999 0.7006579000000001 0.8517860078125 0.690641034375
10 1 0.636792984375 0.9767252703124999 0.6304568703125 0.9367858921875 0.6213027609374999 0.921029871875 0.630369175 0.918013303125 0.6397404890625 0.9263093953125001 0.65180396875 0.919361759375 0.6584868265625 0.88971046875 0.6809189578125 0.893321875 0.7304714046874999 0.9101469218749999 0.7480315328125 0.9134259828125 0.7691071265625 0.9054156671875001 0.7868338687499999 0.8827818671875001 0.8006130875 0.8792995781249999 0.823118071875 1 0.848601440625 1 0.636792984375
10 0.8568097453125001 0.7192892343749999 0.8839334703124999 0.69243806875 0.875381234375 0.6875981046875 0.8578110390625 0.691051846875 0.82657843125 0.701304471875 0.8029835656250001 0.7043372890625 0.7789314515625 0.7013402203125 0.76118344375 0.6908838765625 0.7133904046875 0.6571893 0.6833898234375 0.6894716812499999 0.63347776875 0.7155353 0.583030140625 0.7567026359375 0.6743612734375 0.7737629203124999 0.6858454093749999 0.7526947484375001 0.6986398984375 0.7325227296875 0.745626403125 0.770037671875 0.7803158859375 0.7947707234375 0.8072617937500001 0.7540094703125 0.8568097453125001 0.7192892343749999
10 0.7317628093749999 0.517742278125 0.72258185 0.530632765625 0.6975432609375 0.5743799578125001 0.6802588421875 0.6076239218749999 0.672170196875 0.64648426875 0.6599028140625001 0.670716125 0.6366487671875001 0.68306224375 0.6485118203125 0.6891575609375 0.6628177703125 0.6831350984375 0.6785653171875 0.6932322375 0.6889867749999999 0.6832079531249999 0.7056657578125 0.6670377546874999 0.7421800140625 0.6213859484375 0.7644814625 0.57912986875 0.75551855 0.5669466546875 0.73487886875 0.5434146546874999 0.7317628093749999 0.517742278125
10 0.7067644421875 0.5225056765625 0.66066915 0.4977071875 0.6479148859375 0.478895415625 0.6282108609375 0.5236004796875 0.6157021453125 0.573562725 0.5879497015624999 0.6181443437499999 0.588864196875 0.6302041140625 0.5784109843749999 0.6600486390625 0.5833031203125 0.6734835 0.5911271484375 0.6610102234374999 0.5972449640625 0.6588044156249999 0.6493268265625 0.6661736406250001 0.6432090109375 0.6683794484375001 0.6485901484375 0.6680239578125 0.6642763109375001 0.66092759375 0.6752333421875 0.6357995890625 0.689029125 0.58739018125 0.7026619078125 0.543577559375 0.7067644421875 0.5225056765625
10 0.4768853625 0.4006062703125 0.4549649546875 0.4131918578125 0.4371767203125 0.4417193046875 0.4314230078125 0.45258173125 0.45852979375 0.464057675 0.49129714375000005 0.467297921875 0.6222966953125 0.4822289609375 0.6439609546875 0.47686689062500004 0.6159396765625 0.453331178125 0.5884455015625 0.433855303125 0.5550896562500001 0.40936171562499996 0.5447698171875001 0.39759571718750003 0.52602898125 0.3962132046875 0.494571984375 0.393869109375 0.4768853625 0.4006062703125
10 0.4128176671875 0.35275471875000003 0.390996753125 0.40038399687500004 0.41922760625000005 0.41800955625 0.41519492812500003 0.437111390625 0.43379604374999997 0.442434 0.4584154890625 0.41050711250000005 0.4959289125 0.3934518953125 0.54212581875 0.39646009375 0.5042969875 0.346711346875 0.4993582859375 0.33458985625 0.507537584375 0.3263495296875 0.5004442484375 0.3228892875 0.4764831546875 0.3740994640625 0.4251231546875 0.3463730515625 0.41877248125 0.35514569375 0.4128176671875 0.35275471875000003
10 0.2554480125 0.3244974203125 0.2371263234375 0.31129460937500003 0.21238410624999998 0.3088344890625 0.198092971875 0.333363825 0.18303340625 0.3795637125 0.17893086875 0.40063559531250004 0.21502385156249998 0.42363806718749997 0.26357685468750003 0.4548256453125 0.28725639531249997 0.4683296484375 0.307633584375 0.461414740625 0.3352759453125 0.45778696406249997 0.3424183390625 0.42668708437499997 0.366819740625 0.4198339015625 0.3844978921875 0.43226029375 0.3987720875 0.4460580671875 0.41595488906250006 0.43460438906250004 0.41596336093749997 0.41544083593750003 0.3869725421875 0.400322275 0.364076253125 0.3836545890625 0.3576641921875 0.3752337265625 0.34301742812499997 0.371942890625 0.32865008906250004 0.3607718484375 0.3049938375 0.3466111640625 0.2904867859375 0.339380225 0.2707150265625 0.3292213609375 0.2554480125 0.3244974203125
10 0.531863115625 0.51555555625 0.47128405625 0.48286944531250003 0.4284530109375 0.4606396828125 0.40648603124999994 0.474538634375 0.38818550625000003 0.51751311875 0.374482865625 0.5632957937499999 0.387857378125 0.5835406640625 0.3806218421875 0.6172672796875001 0.3816125390625 0.6650274234375 0.3733926484375 0.6886643171875 0.43242849375 0.7270211093750001 0.46381563281249993 0.7313352546874999 0.46825898906249996 0.7195766765625 0.4827596953125 0.689137190625 0.49364686718749995 0.6659792343750001 0.5554897078125001 0.7008748625 0.5665081265625 0.692940359375 0.5780854062499999 0.6692454546875 0.5773952984374999 0.6697824046874999 0.580071053125 0.6510977859375 0.5878336953125001 0.6214310078125 0.5977979015625 0.6053768359375 0.610717290625 0.5627578453125001 0.5983038453125 0.5532593734375 0.531863115625 0.51555555625
10 0.3727724296875 0.4790588546875 0.3478756796875 0.46203196562500004 0.32237349531250004 0.462078846875 0.27240005312500004 0.470948959375 0.20304224375 0.477660146875 0.19307803750000002 0.49371431875000005 0.21339171562499998 0.5264398875 0.2326363703125 0.5325389171875 0.253508909375 0.549504084375 0.2423973484375 0.5600653203125 0.3051695015625 0.625527590625 0.3570947078125 0.6751640234375 0.3781387203125 0.6683688531249999 0.379387690625 0.652071503125 0.37900876875 0.6249080124999999 0.3892841640625 0.5811534 0.37245911875000004 0.5635932734375 0.38500593437499997 0.5314812171875001 0.394955325 0.4969201734375 0.3727724296875 0.4790588546875
10 0.11553846406249998 0.33374022187499996 0.087485428125 0.33002474843749996 0.0759081515625 0.3537196546875 0.0563819421875 0.4123348046875 0.05355800468750001 0.454123078125 0.1130278109375 0.499166440625 0.1967741171875 0.5598035890624999 0.336105740625 0.661482275 0.299904796875 0.6225996640625 0.24120342187500002 0.5558857500000001 0.25019809375 0.548248728125 0.23583075781249999 0.537077690625 0.21277146875000003 0.5250067875 0.19455139375 0.49001368593750005 0.20439917031250002 0.47724293125 0.24013652031250002 0.47242523125 0.28056490156249997 0.4677889890625 0.1789541546875 0.3999789109375 0.1834525515625 0.367743409375 0.1901525125 0.3491205171875 0.18955555 0.34703072968750004 0.1710242890625 0.33973807031250003 0.16482180156249998 0.3254070578125 0.15661038124999999 0.3298803984375 0.1516949640625 0.3171022203125 0.14362325781250002 0.3176354609375 0.14275533437500001 0.304262321875 0.133326703125 0.3052127765625 0.11553846406249998 0.33374022187499996