10 1 0.3575387546875 0.976836059375 0.35574303125 0.954536015625 0.370589390625 0.9271576874999999 0.388046121875 0.9121485328125001 0.3851767578125 0.908095159375 0.3899497953125 0.9157671625000001 0.3971111890625 0.9008375624999999 0.398278553125 0.9108479828125 0.4077950140625 0.91879194375 0.41767962656249996 0.92561479375 0.42605833125 0.9292963265624999 0.44672297031249997 0.9700317546875 0.44799391093749996 1 0.46995194375000005 1 0.3575387546875
10 0.68701123125 0.3421363140625 0.5588885765625 0.2596387578125 0.5187433109375 0.2772379453125 0.50219495 0.284876653125 0.5488004953125001 0.3514086359375 0.613029253125 0.398384128125 0.701796584375 0.461029215625 0.700675478125 0.4595233046875 0.703670646875 0.461974571875 0.7190016984375001 0.45348670625 0.7148058671874999 0.44549280468749997 0.722004246875 0.40092969843750004 0.7116423203125 0.3846532921875 0.68701123125 0.3421363140625
10 0.7149982687499999 0.4441792953125 0.7190978984374999 0.452829953125 0.7203614640625 0.4671028 0.7202319671875 0.47714651718749995 0.7236748453125 0.485700975 0.740123315625 0.5062231578125 0.746640915625 0.5212656078125 0.737187359375 0.5400062375 0.6949552921875 0.5901711984375 0.7009289890625 0.599767209375 0.7221874781250001 0.58745166875 0.7577521109375 0.5644855953125 0.7963119140625 0.543970790625 0.793691984375 0.5333965578125001 0.7967300109375001 0.5319568078125 0.8082962890625 0.5262717140625 0.8115967078124999 0.5220592328125 0.8045851453124999 0.4874899015625 0.716056471875 0.43695499531250004 0.7149982687499999 0.4441792953125
10 0.8223952750000001 0.6269512421875 0.8393913421875 0.625415725 0.8690118874999999 0.6109708140625 0.8890530671875 0.5978061171875 0.8998830390625001 0.58798809375 0.89804226875 0.577655775 0.8918595265624999 0.5740667515625 0.8975316609374999 0.5628223734375 0.9067428718749999 0.559475696875 0.9179409937499999 0.551724140625 0.9207937109375001 0.5414084671875 0.905018640625 0.5162890046874999 0.882835134375 0.4982809921875 0.87147790625 0.49795909375 0.8634210984375 0.4934247171875 0.8463917375 0.504347196875 0.8225857828124999 0.52031466875 0.7931576375 0.53344606875 0.7921789859375 0.5447070953125001 0.754740290625 0.5667278125 0.72444634375 0.58577000625 0.7045975640625 0.59762119375 0.695403 0.5962743890625 0.695638875 0.595936246875 0.68684854375 0.5997172640625 0.7349803328125 0.6329305203125 0.7555950296875 0.643329434375 0.795978953125 0.637840428125 0.8223952750000001 0.6269512421875
10 1 0.5734816859375 0.9546078796874999 0.5624514828125 0.9154912109375 0.554709196875 0.8986542515625 0.5643181703125 0.8945842265625 0.5737846859375 0.9015828296875 0.5855433640625 0.8938608796875 0.5924624125 0.8615800218749999 0.6159094859375001 0.859715228125 0.665278925 0.8746744390625001 0.6822287328125001 0.8756327546874999 0.7031653234374999 0.8656186437500001 0.7211529999999999 0.841348334375 0.7357107593750001 0.835354303125 0.75831236875 0.9764280484375 0.783583115625 1 0.6226587328125001 1 0.5734816859375
10 0.8242671328125001 0.655390621875 0.854498178125 0.6276182203125 0.8464413703125 0.62308384375 0.8284037484375 0.6271501765624999 0.7958842328125 0.63848706875 0.771839621875 0.64234435625 0.7480040578125 0.6401946515625 0.731329890625 0.6303729421875001 0.687042425 0.5983936421875 0.6533185609375 0.631692034375 0.6002768609375 0.6594773984375 0.545022553125 0.7023681125000001 0.634901721875 0.71620431875 0.6487768078125 0.6947571156250001 0.6638691999999999 0.67415906875 0.7069227109375 0.70998269375 0.7390370875000001 0.7334704390625 0.7706315828125 0.6918099921875001 0.8242671328125001 0.655390621875
10 0.7209628546875 0.45846036874999996 0.7103086375000001 0.47165836250000004 0.6802996015625 0.5162344296875 0.6592464734375 0.5500471171875 0.6468107062499999 0.589147140625 0.6317978640625 0.6137819140625 0.6070632015624999 0.6269299640625 0.6183075796875 0.6326020984375 0.6333500296875 0.626084496875 0.648053934375 0.6356176046875001 0.659636859375 0.62523903125 0.678188778125 0.6085019578125 0.7199398421875001 0.5616207703125 0.7470332578125001 0.5186301656250001 0.7393779 0.5067752890625 0.7212477671874999 0.4839942421875 0.7209628546875 0.45846036874999996
10 0.69531613125 0.46409551875000005 0.6517483234375 0.440942628125 0.6410182421874999 0.4225997578125 0.6162632453125 0.46794542968749997 0.5981553421875 0.5182898296875 0.5653268890625001 0.5637946031250001 0.56490879375 0.5758085859375 0.5510966125000001 0.605985996875 0.554522840625 0.619233934375 0.5637673484375 0.60650029375 0.5701591406250001 0.604082325 0.62167459375 0.6096156890625 0.6152828015625 0.6120336578125001 0.6207292375 0.6114897546875 0.637277596875 0.6038510453125 0.6510731296875 0.578367115625 0.670302140625 0.5295286234375001 0.688857746875 0.48528741406250003 0.69531613125 0.46409551875000005
10 0.4778453171875 0.3504007671875 0.45442416249999995 0.36374121875 0.43338768125 0.39286042656250003 0.42640203750000005 0.4039124046875 0.45236697187499997 0.41442416406250004 0.48493274062499997 0.41651096406250004 0.61490723125 0.426828428125 0.6372701796875 0.4207122765625 0.6117233484375 0.398186534375 0.586256065625 0.37969752031250004 0.555455196875 0.35640217500000004 0.54639013125 0.34501165 0.5277124015625 0.3442883046875 0.49636393749999996 0.343050659375 0.4778453171875 0.3504007671875
10 0.41877439375 0.3048516328125 0.3915681296875 0.353192475 0.41798076718750005 0.36980742499999997 0.4118109828125 0.389029059375 0.42991150781250004 0.39369293125000004 0.4581889375 0.3609384484375 0.497773646875 0.34258630625 0.5438593125 0.3439700953125 0.5113638203125 0.29560523125 0.507745190625 0.2836708 0.5168773984375 0.2751528359375 0.51013355 0.27194541875 0.4803798203125 0.3239381875 0.43184657968750007 0.29804543125 0.42449278437500004 0.3070309453125 0.41877439375 0.3048516328125
10 0.263780328125 0.2821483453125 0.2468342078125 0.2696034171875 0.22224569062500002 0.26801426875 0.2051663859375 0.2930171953125 0.1849124671875 0.339693021875 0.17845408437500002 0.36088491875 0.212170571875 0.3825948015625 0.25749959375000003 0.41204328281249997 0.27979595 0.42470105937499997 0.3010377921875 0.41707899687500005 0.3292153328125 0.4124854046875 0.339839940625 0.3811702359375 0.3651185078125 0.3734686234375 0.381504075 0.3852605953125 0.39431726875 0.39854183125 0.41285253906249997 0.3864982421875 0.4149855953125 0.367356159375 0.387531403125 0.3532720265625 0.36637280156249996 0.33742667656249997 0.3608634609375 0.32924037500000003 0.3465110609375 0.3264672125 0.3333130671875 0.3158129953125 0.31111291093750004 0.3024984640625 0.2973377140625 0.2957847734375 0.27859708125 0.28633121875 0.263780328125 0.2821483453125
10 0.520343853125 0.4632903671875 0.46309705156250003 0.432767034375 0.42252441718749995 0.41206541249999995 0.3989108609375 0.426719371875 0.3757579734375 0.470287178125 0.356913765625 0.5164986500000001 0.3681081984375 0.5362512296874999 0.35709878906250003 0.570193415625 0.35279938125 0.6178645406250001 0.3419194671875 0.641763009375 0.3969869578125 0.6780047328125 0.4280468203125 0.6812126390625 0.433815153125 0.6693115078125 0.4517602640625 0.6383977875 0.4652671953125 0.6148841234375 0.52353890625 0.64757011875 0.5354899843750001 0.639258009375 0.5497498703125 0.6151837875 0.5489969140625 0.6157443421875 0.553756990625 0.5969870625 0.5648459531250001 0.5670816046875 0.5766379234375 0.5506960375000001 0.5943443765625 0.5076721390625 0.5829242453125 0.4986200296875 0.520343853125 0.4632903671875
10 0.36453393125 0.43241742343749995 0.341405065625 0.4162834765625 0.315774990625 0.4172251421875 0.2645777484375 0.42783868593749996 0.19414222187500002 0.43697592968750004 0.1823502484375 0.45336149531250003 0.1991335765625 0.48533710625 0.2177946578125 0.4907539359375 0.23688679375000002 0.5069674359375 0.2245509140625 0.5179065671874999 0.280367671875 0.581091871875 0.327039809375 0.6288499265625 0.34893840625 0.6213240671875 0.35200016875 0.60500140625 0.35463087656250003 0.5778820687499999 0.3698065109375 0.5338166125 0.3548473015625 0.5168668046875 0.371014546875 0.4843509765625 0.3848433765625 0.44948008125000005 0.36453393125 0.43241742343749995
10 0.1221729703125 0.29628990312500003 0.09439688125 0.293562996875 0.0801369953125 0.31763721718750004 0.0540185421875 0.37687093125 0.0465482109375 0.41871082031249995 0.1013104515625 0.46161628906249996 0.17873720312500002 0.519245996875 0.3074666703125 0.6159201984375 0.2754022375 0.57835200625 0.2238146078125 0.513773640625 0.23369922187499997 0.50582968125 0.220501228125 0.4951754640625 0.198669225 0.4839273984375 0.1842409609375 0.44961337031250004 0.1955519328125 0.4365115765625 0.23199532656250002 0.43044536874999995 0.2731322046875 0.4243958109375 0.178550284375 0.36022816406249997 0.1866440734375 0.327871440625 0.1954408765625 0.30903460781250003 0.19507272343749998 0.30696814375 0.1772607984375 0.30033400625 0.17261726093750002 0.2862369125 0.1638704046875 0.2909933 0.1603479765625 0.27840211406250004 0.15217831875 0.2792179734375 0.15278881718749998 0.26589048437499996 0.143209453125 0.26717069531250004 0.1221729703125 0.29628990312500003