4 0.3826623734375 0.5642546890625 0.40259214062500004 0.57367756875 0.431368653125 0.5340741734375001 0.434696421875 0.47461740937499997 0.4525754453125 0.4746085265625 0.4729476640625 0.4561616046875 0.4668457703125 0.41314543437499995 0.4714400375 0.38941827500000004 0.44354843125 0.3732820671875 0.4418394796875 0.365422265625 0.45561701875000005 0.3465498546875 0.43676295468750004 0.3271219734375 0.42425717812499997 0.329414921875 0.3946513546875 0.35772797500000003 0.3529266125 0.42749412343750004 0.3348965953125 0.47166565 0.3360173640625 0.499248834375 0.3528206875 0.5092449515624999 0.3561882578125 0.539685440625 0.3826623734375 0.5642546890625
4 0.5967231468749999 0.5544297203124999 0.6225136796874999 0.5758550484375 0.6472337765625 0.5549763109375 0.6470880453125 0.546829890625 0.6181710687499999 0.5259777984375 0.5711842671875 0.45939998437499996 0.553747696875 0.4315390625 0.5489626328125 0.409531615625 0.54134258125 0.40439024687499997 0.53382319375 0.369807115625 0.5414485078125 0.3226394171875 0.56079535625 0.299476615625 0.564902103125 0.266031075 0.579363225 0.2503025875 0.5662241984375 0.23473073281249998 0.527435103125 0.2581890359375 0.51766365 0.27305766875000004 0.50017148125 0.312226696875 0.490198703125 0.3859788546875 0.49874346249999996 0.42527786875 0.5094396265625 0.44456688125 0.5490527671875001 0.48470798437499996 0.5967231468749999 0.5544297203124999
4 0.8640446624999999 0.4007998296875 0.8652210281249999 0.3613530640625 0.8530623046875 0.31290890781249997 0.8108102390624999 0.283059421875 0.796057659375 0.2824950671875 0.7739764874999999 0.2930821859375 0.760983190625 0.285656753125 0.743787746875 0.28880955625000004 0.7311362406249999 0.2829560828125 0.7187761921875 0.2933954515625 0.702796915625 0.346998740625 0.7061141578125001 0.39216011093750003 0.7159306796875 0.4148796625 0.7719099546875 0.440577621875 0.805079409375 0.43613059375 0.8164140859375 0.42097534375 0.8640446624999999 0.4007998296875
4 0.7606098171875 0.5979391890625 0.737458209375 0.5662222406249999 0.710104453125 0.5450835328125 0.6755227671874999 0.5056545328125 0.6570555609375 0.525386796875 0.656663440625 0.5385357187500001 0.7198203109375 0.5972448484374999 0.7249922343749999 0.6584124390625 0.7549849140625 0.6692595328125 0.76592746875 0.667253203125 0.773452121875 0.6495272671875 0.7606098171875 0.5979391890625
4 1 0.89898985625 0.991561521875 0.86017965625 0.965119209375 0.843232840625 0.8674707875 0.8202710796874999 0.7960553515625 0.790864846875 0.7814485015625 0.7984469125 0.7760249234375001 0.8108837296875 0.7927779140625 0.8356007296874999 0.9794744046874999 0.9092551828125 0.9985748609374999 0.907387721875 1 0.9052191734375 1 0.89898985625
4 0.551434771875 0.6003298406249999 0.6030714328125 0.5761505484375 0.60346355625 0.563001628125 0.5635589546875 0.50656768125 0.5464138421875 0.494999603125 0.5105100640625 0.486870946875 0.47763733124999996 0.45530175 0.45189186406250004 0.47146460625 0.4471518671875 0.48704534375 0.46112020468750003 0.513907540625 0.4922839859375 0.537616934375 0.4892026078125 0.5757783562500001 0.49936092031249996 0.60006986875 0.5232967734375 0.6054889718750001 0.551434771875 0.6003298406249999
4 0.6410312171875 0.5414019031249999 0.679920975 0.48850183593749996 0.70303278125 0.43032153281249996 0.6946337515625001 0.3991689390625 0.667279996875 0.37803023125 0.643635603125 0.38890396875 0.608902925 0.39363761249999996 0.5925367921875 0.40808075937500005 0.5649366437500001 0.408237390625 0.556874140625 0.4309658265625 0.56029204375 0.44668543125 0.609525646875 0.51612055 0.6410312171875 0.5414019031249999
4 0.45338896406250007 0.64282606875 0.41792763906249997 0.6068276078125 0.41104149999999995 0.5901092796875 0.389010659375 0.58597551875 0.3749416609375 0.588555084375 0.36306913281250003 0.608712834375 0.3723478046875 0.6364348875 0.399163709375 0.662576096875 0.4230995609375 0.6679952 0.44464288124999995 0.66241058125 0.453876484375 0.6525444499999999 0.45338896406250007 0.64282606875
4 0.45099116875 0.6841314109375001 0.465889478125 0.6928421874999999 0.46842773906249996 0.71199233125 0.48899075468750003 0.7392800140625 0.46944784687499996 0.7690172796875 0.4527399234375 0.7818884640625 0.4455570625 0.801186359375 0.46324002656249996 0.8077519375 0.49347909687499997 0.7973036859375 0.5170280921875 0.7635626453125 0.519420625 0.7745663703125001 0.526698884375 0.7781357765625 0.5423814375 0.760548709375 0.5348117171875 0.7406864609375 0.5622661359375 0.73238340625 0.5950434703124999 0.7410853000000001 0.6053978437499999 0.758802353125 0.613213953125 0.7573692609375 0.65014836875 0.71790473125 0.6795077984375 0.7108870203125 0.7187393453124999 0.6595589140625 0.7248014375 0.612677834375 0.7213835343749999 0.5969582296875 0.692662615625 0.5695316781249999 0.657834540625 0.5513980218750001 0.6354115796875 0.5604131796875 0.628570509375 0.5812830359375 0.595938903125 0.5807275625 0.5531437234375 0.6081896437500001 0.517043884375 0.606635446875 0.5027284921875 0.6305103546875 0.4540222140625 0.6606908703125 0.45099116875 0.6841314109375001
4 0.753869409375 0.58936728125 0.75357795 0.5730744390625 0.7846463328125 0.5739165296875 0.8025756875000001 0.559186765625 0.8219728671875 0.52130308125 0.8772287578125001 0.45395986875 0.8774751484375001 0.432664525 0.8602346390625 0.39822914374999996 0.8237426781250001 0.4098238703125 0.8019529656250001 0.43670383125 0.75647379375 0.436869346875 0.6975588703125 0.4574792296875 0.68622419375 0.4726344796875 0.672934175 0.5012252703125 0.6753267078125 0.51222899375 0.753869409375 0.58936728125
4 0.5960050265625 0.40907948281250006 0.6220922828125001 0.39448858750000004 0.6689889484375 0.3858900328125 0.6987855671875 0.40331158437500003 0.710462034375 0.38972829375 0.7096379875000001 0.3261288859375 0.694840340625 0.287976346875 0.6686576859375 0.279699940625 0.6616258171875 0.25483518906249997 0.6667076062499999 0.2408264125 0.64301814375 0.21411196562499998 0.6093108375 0.22356149531249997 0.5640727937500001 0.2547407328125 0.55698533125 0.29690592968749996 0.5400813453125 0.316351575 0.53265209375 0.3569448140625 0.540462940625 0.40782078750000006 0.546177978125 0.4116768125 0.5960050265625 0.40907948281250006
4 0.495526884375 0.3506747359375 0.4746168125 0.37412415781249997 0.46582039843749995 0.40842955312500007 0.4750487375 0.45087248750000003 0.508946840625 0.4871575640625 0.55906535 0.5008530765625 0.5110028484375 0.44428026249999997 0.4992813140625 0.42027536718749997 0.495526884375 0.3506747359375