2 0.8393149453125 0.4277324671875 0.8332568625000001 0.521978596875 0.8519907921875 0.5269857359375 0.958801153125 0.516991871875 0.96278218125 0.4550587015625 0.95362250625 0.42815509687500003 0.8492011765624999 0.4221577984375 0.8393149453125 0.4277324671875
2 0.641483590625 0.39266034375 0.6619665390625 0.41280822031250003 0.7259251671875 0.4342070171875 0.7972421093750001 0.4470077703125 0.8084788421875 0.44159841406250006 0.8131361531250001 0.43266974375 0.819870525 0.3914281125 0.8149012390625 0.384034990625 0.7289884140625 0.36537666562500004 0.661463340625 0.3571109734375 0.645655840625 0.3701026265625 0.641483590625 0.39266034375
2 0.6570475250000001 0.3199323265625 0.6544854046874999 0.3386162390625 0.6615498859375 0.3557646 0.8191258328125001 0.3818381875 0.8288389734375 0.378956265625 0.8391579234375 0.3666497296875 0.8471562531249999 0.32691978593750004 0.8409230093750001 0.3180149765625 0.7432541875 0.3128442453125 0.69406453125 0.2946102734375 0.67759888125 0.296665628125 0.6570475250000001 0.3199323265625
2 0.73170548125 0.3019318078125 0.8086840640625 0.311354696875 0.835347915625 0.32004646718749996 0.8790832265624999 0.317258271875 0.8855237593749999 0.301763046875 0.724814090625 0.2820907 0.7242082828124999 0.2915153109375 0.73170548125 0.3019318078125
2 0.489708165625 0.382223434375 0.48731913593750004 0.39821460000000003 0.5009630328125 0.4188822765625 0.5115939578125 0.422897534375 0.579499409375 0.40407044687499993 0.5983540875 0.386023928125 0.6306272374999999 0.3709769203125 0.6214152234375 0.3237124046875 0.61204825625 0.32120883437500003 0.5731956874999999 0.3327365265625 0.5402301859375 0.3585545203125 0.489708165625 0.382223434375
2 0.36888959374999997 0.3348669140625 0.3809575640625 0.3377011125 0.3852687 0.33415793437499997 0.41759419062500003 0.339471840625 0.46808200468749994 0.3375102125 0.48125691249999997 0.28077335937500003 0.46944857500000003 0.273900040625 0.3715543234375 0.25106114375 0.36694935 0.280350728125 0.34561909687500003 0.31573478593750004 0.36888959374999997 0.3348669140625
2 0.28503775781249996 0.3476711140625 0.2895219828125 0.3414351890625 0.30513825781250004 0.289068084375 0.307388403125 0.254062378125 0.2170255578125 0.219932690625 0.19095144375 0.26559179374999997 0.1781227171875 0.316943153125 0.241648625 0.34507381875 0.268485565625 0.3510728421875 0.28503775781249996 0.3476711140625
2 0.17342913124999998 0.241735428125 0.164356 0.21348545 0.040109870312500004 0.1982765765625 0.036146979687500004 0.302277946875 0.0683859265625 0.3089382265625 0.1791612453125 0.300786675 0.17342913124999998 0.241735428125
2 0.32979552968750003 0.39250192500000003 0.337950878125 0.41385472031250004 0.35246021875 0.42105866562500005 0.4226862921875 0.4296549859375 0.456535371875 0.432441459375 0.4608465078125 0.42889828124999996 0.46579765625 0.3942232046875 0.4609149171875 0.3854837078125 0.376439134375 0.36564432343750003 0.341326096875 0.36134616249999996 0.33143986718749996 0.3669208328125 0.32979552968750003 0.39250192500000003
2 0.17824760625 0.5055768625 0.17192781875000002 0.49801842812499997 0.12609731562499998 0.49105138281249994 0.08262163593750001 0.48980046093749996 0.07822395625 0.4946900109375 0.08589424375 0.5024137609375 0.0769257953125 0.5148856109375 0.076372328125 0.5446711359374999 0.071888103125 0.5509070625 0.0765293484375 0.605753875 0.086987184375 0.6124618796875 0.11399721249999999 0.6157681562499999 0.1411803296875 0.6163816875 0.1569878296875 0.6033900328125 0.18022205156249999 0.5383857640625 0.17824760625 0.5055768625
2 0 0.5556988765625 0.02266424375 0.554380375 0.0436483203125 0.5243818109375 0.07592147031249999 0.509334803125 0.08920105625 0.4933197765625 0.0917631734375 0.474635865625 0.0763702578125 0.43882745156249997 0.044962546874999995 0.440410728125 0.0331542125 0.43353740937499996 0.029587767187500003 0.44667051406249997 0.022575628125 0.4498830640625 0.01447261875 0.44889118124999994 0.0112865578125 0.43493150781249995 0.00030945625000000003 0.4363017421875 0 0.44111597968750005 0 0.5556988765625
2 0.5220720015625 0.577517421875 0.5144017125 0.5697936703125001 0.4706664015625 0.5725818671875 0.42005783750000003 0.59759715625 0.420283265625 0.615265321875 0.4358492703125 0.6483809875000001 0.4484023 0.66484423125 0.4590332234375 0.6688594890624999 0.474148371875 0.666638821875 0.49274341718750003 0.652631421875 0.52153666875 0.649371146875 0.5332926640625 0.6358835515625 0.535248975 0.6266242531249999 0.5220720015625 0.577517421875
2 0.5234225015625 0.5776827359375 0.5230421203125 0.604775515625 0.5292753640625001 0.613680325 0.5386423312499999 0.6161838937499999 0.6484656656250001 0.62284245 0.6584384390625 0.61592140625 0.6677530640625 0.5980640640625 0.6618136578125 0.5634128484375001 0.6500918671875 0.555193159375 0.6210389843749999 0.562492553125 0.57891380625 0.5614069421875 0.5234225015625 0.5776827359375
2 0.3917315109375 0.572418278125 0.397739325 0.5636549203125 0.38458048749999996 0.5566162890624999 0.3805269140625 0.45027666406250005 0.376821584375 0.44439522968749995 0.36196606875000004 0.44257677656250005 0.3437171984375 0.45119868125 0.343200003125 0.5651206078125 0.372478315625 0.5754893765625 0.3917315109375 0.572418278125
2 0.3000160921875 0.43227959218749995 0.3059373609375 0.42486260781249996 0.30519266875 0.41527268125 0.3015738859375 0.40804487343750007 0.287982328125 0.4077381078125 0.28169674375 0.3784723859375 0.22985842656250002 0.3802687 0.21514179375000003 0.3974647875 0.2136705453125 0.4203531328125 0.222137865625 0.458027721875 0.23089902499999998 0.4699559046875 0.2376515328125 0.47078247500000003 0.290614921875 0.4514833078125 0.2992029921875 0.4661042375 0.310093546875 0.46608037500000005 0.3000160921875 0.43227959218749995
2 0.190245096875 0.44598195 0.206519521875 0.40455114375 0.2139120390625 0.3742458140625 0.206587928125 0.3611365703125 0.165899796875 0.3588699015625 0.15566739062499999 0.36983006406249996 0.1457127546875 0.41881930624999997 0.1628888921875 0.448061165625 0.1763073625 0.451060678125 0.190245096875 0.44598195
2 0.147518253125 0.6660083203125 0.11597165937500001 0.6485770578125 0.0969780953125 0.6476090359375 0.0786950203125 0.677938228125 0.09116150625 0.695747846875 0.097533634375 0.7236671953125 0.0978979453125 0.7603499015625 0.1068321921875 0.7695853375 0.1513987390625 0.7750406953125 0.16686006250000002 0.767434534375 0.17042650625 0.7543014296874999 0.1463931796875 0.683511175 0.147518253125 0.6660083203125
2 0 0.7114090281250001 0.064046796875 0.65171974375 0.0621246890625 0.63927175625 0.042819153124999995 0.6219819421875 0 0.619799634375 0 0.7114090281250001
2 0 0.756508090625 0.07306965625 0.7654524921875 0.0912319828125 0.758176959375 0.10063315312500001 0.7389732437500001 0.0979663546875 0.716935328125 0.083976278125 0.7016531421875001 0.0503002875 0.696173925 0.00630534375 0.703001240625 0 0.7087686718749999 0 0.756508090625
2 0.2000991921875 0.56795825 0.23199196406249997 0.580004021875 0.2392637359375 0.5727523515625 0.2495303453125 0.5400849046875 0.2493049171875 0.5224167359375 0.23121099687500002 0.4862776984375 0.22066661718749997 0.4809160671875 0.2028504671875 0.4828061078125 0.1798577375 0.501703059375 0.181312921875 0.542590196875 0.2000991921875 0.56795825
2 0.44985955312500003 0.81157505625 0.48583803124999997 0.8024094828124999 0.487742 0.7727892703125 0.43401577968750005 0.7404303125 0.38936268749999997 0.7363213265625 0.38616055781249997 0.7861371390625 0.39069712343749996 0.800262125 0.3985404984375 0.805293128125 0.44985955312500003 0.81157505625
2 0.253066725 0.760346453125 0.22261100156250002 0.747119621875 0.21890567343749998 0.7412381875 0.1798276765625 0.7350977125 0.16876403281250002 0.7378143234375 0.17030575781249999 0.7773550890625 0.31480941093750003 0.7950436703125 0.3195532671875 0.7847686265625 0.3127484203125 0.76358114375 0.2951395609375 0.74107115 0.27039781406249996 0.74482736875 0.253066725 0.760346453125
2 0.7950282375 0.5661498734375 0.7839303921874999 0.59057376875 0.7974877453125 0.6125878203124999 0.8248097484375 0.6322158921875001 0.8554727640625 0.6210426906250001 0.941731765625 0.6343155234375 0.974610725 0.6098439015625 0.9786098875 0.5899789296875 0.959737071875 0.5659572515625 0.8748285703124999 0.55284973125 0.8164973765625 0.54978035625 0.7950282375 0.5661498734375
2 0.6459698859375 0.4922681046875 0.64311393125 0.5366984218749999 0.6551476953125001 0.56123990625 0.757439628125 0.579189253125 0.794249340625 0.5782672343749999 0.8177613328125 0.5512920421875 0.7906989640625001 0.5276248531250001 0.7956159109375001 0.5146570609375 0.786283146875 0.49044620468750005 0.7274668937500001 0.47374778281249996 0.6842508484375001 0.4684577390625 0.6459698859375 0.4922681046875
2 0.8925965203124999 0.7422861468749999 0.9348082390625001 0.742025384375 0.9453868234374999 0.725679728125 0.965245828125 0.713184015625 0.9589079046875 0.6635573828125 0.9456101828125 0.6375042093750001 0.9283132953125 0.6313160109375 0.9158991515625001 0.6338673046875 0.8633161406250001 0.6260736921875 0.8633684796875001 0.6464346046875 0.831493846875 0.6764570328125 0.810370884375 0.68744105625 0.8109606265625 0.7417919296875 0.837624478125 0.7504837 0.847510709375 0.7449090296875001 0.860756090625 0.7506012890625 0.8925965203124999 0.7422861468749999
2 0.9581492140625001 0.8235866250000001 0.969559034375 0.815484521875 0.9449722406250001 0.7744797953125 0.9024485468749999 0.7584187640625 0.8952109796875 0.74396315 0.8761308718749999 0.7443415015625 0.856098778125 0.759529959375 0.8491047765624999 0.8048107109375 0.9431206109374999 0.82446091875 0.9581492140625001 0.8235866250000001
2 0.9787529125000001 0.8206808406249999 0.9232092671875 0.81659571875 0.837209896875 0.799283765625 0.819619175 0.8188419703125 0.8176628625 0.8281012703125 0.82664945 0.8576976203125 0.8903826468749999 0.8614282515625 0.95089558125 0.8729064937500001 0.96204576875 0.8688435125 0.97236471875 0.856536975 0.966737284375 0.8382075546875001 0.9778009265625001 0.8354909453125 0.9787529125000001 0.8206808406249999
2 0.8347866625 0.8369822156250001 0.8276356390625 0.821180228125 0.7807142640625 0.8100087484375 0.7763507875 0.7931910156249999 0.7685074125 0.7881600140625 0.664172625 0.7808163375 0.6358302328125001 0.8194129468750001 0.6322637890625 0.832546053125 0.8307009531249999 0.8581935625 0.8347866625 0.8369822156250001
2 0.729686975 0.672136734375 0.775811315625 0.6533573703125 0.78133406875 0.6309649671875001 0.7628074296875 0.6015577953125 0.737320990625 0.595724084375 0.662922665625 0.60968548125 0.6279485125 0.6244018609374999 0.6365889218749999 0.6593837046875 0.6940546750000001 0.6759168125 0.729686975 0.672136734375
2 0.493178209375 0.7517432390625001 0.4911534921875 0.8044171109375 0.5011786078125 0.8178569828125 0.5430441515625 0.8229817125000001 0.6006306515625 0.816461159375 0.624454615625 0.8058077625 0.6251469671875001 0.7950367765624999 0.6075723125 0.7508194984375 0.6505105890625 0.7180804609375 0.635429646875 0.69859384375 0.6397749859374999 0.673343378125 0.6310138281250001 0.6614151953125 0.618945859375 0.6585809984375001 0.5979959874999999 0.666872275 0.5722499140624999 0.665077684375 0.5118758671875 0.6726139828125001 0.49632799843750003 0.6815665171874999 0.48735955000000003 0.6940383671875 0.48663299374999996 0.7265166375 0.493178209375 0.7517432390625001