7 0.8076109499999999 0.6623970671875 0.78548839375 0.6616312140625 0.7295582515625 0.6868881265625 0.725770709375 0.6998127984375 0.7152638437500001 0.7067881218750001 0.7073663625 0.7206520609375 0.679419365625 0.7366030296875 0.6679121296874999 0.748796940625 0.665161109375 0.7631480546875 0.679099940625 0.7724374640625 0.6868196328125 0.7731682281250001 0.7211635546874999 0.7511812 0.7458231921875 0.7455456109374999 0.7824540984375 0.7184617921875 0.8186209718749999 0.70063229375 0.819799134375 0.6808190015625 0.8092199625 0.6745042703124999 0.8076109499999999 0.6623970671875
7 0.6981733515624999 0.5909346765625 0.6778737453125 0.594326353125 0.6751227265625 0.6086774687500001 0.6795550625 0.6197236125 0.720690609375 0.6169759921875 0.7641854453125 0.6224216375 0.8237976453125 0.6121248125000001 0.872188853125 0.6193622765625 0.8863777765625 0.6273470390625 0.9254764296875001 0.6283915640625 0.9481321703125 0.6127087421875 0.9541680359375 0.5812217390625001 0.9357663828125 0.581546075 0.925009425 0.58982604375 0.9172897328125 0.5890952796875 0.910034071875 0.57911019375 0.8945946859375 0.5776486656250001 0.8676480609375 0.5883810484375 0.8545318125 0.58846775625 0.8510275437500001 0.5589129671874999 0.8278684609375 0.556720675 0.7469201359375 0.5689827375000001 0.71225381875 0.5789843546875 0.6981733515624999 0.5909346765625
7 0.8301376250000001 0.2647048234375 0.8054779890624999 0.2703404125 0.7475802875 0.26485968125000003 0.7340723078125 0.287490765625 0.7330719359375 0.2927093515625 0.7822857265625001 0.309322934375 0.8016572640625 0.3244399015625 0.87967678125 0.3411236578125 0.9002626328125001 0.3430723625 0.9228492234375001 0.334583890625 0.9245637203125 0.3188063359375 0.9324973546875001 0.3115874234375 0.9323888984375 0.291652340625 0.9194865906249999 0.2837893734375 0.8582292265625 0.275333965625 0.8301376250000001 0.2647048234375
7 0.7560472859375 0.21385666250000002 0.7276001078125 0.23241692343749998 0.7014037625 0.239235365625 0.63889890625 0.2851230375 0.6102739359375 0.318278003125 0.613705903125 0.334542734375 0.6245351640625 0.339552821875 0.6310405453125 0.353451846875 0.658023321875 0.3493644921875 0.733572121875 0.290100059375 0.750653703125 0.262493975 0.7985417546875 0.22452089218750002 0.8002201 0.2020983078125 0.7896409296875 0.1957835765625 0.7737013578124999 0.1969313390625 0.7560472859375 0.21385666250000002
7 0.49343903906250003 0.25807025625 0.47935857187500003 0.27002057968750004 0.479467028125 0.2899556640625 0.4712833015625 0.298479221875 0.46956880312499993 0.31425677812499997 0.56921069375 0.33431567812499996 0.612383134375 0.32777591250000004 0.610774121875 0.3156687078125 0.630715178125 0.29364659375 0.6059832359375 0.285992128125 0.5938312078125 0.27421521875 0.5595927734374999 0.26831748593750004 0.5379342484375 0.2582973140625 0.49343903906250003 0.25807025625
7 0 0.5666830203125001 0.062338123437500004 0.579892925 0.0945035140625 0.5829377765625 0.13999909375 0.5779462453125 0.1551522359375 0.574067390625 0.16076273125 0.5653002453125 0.118518359375 0.5533313671875 0.1069026671875 0.5455901937500001 0.10375694531249999 0.5346658421875 0.039176071875 0.5298807890624999 0.02420071875 0.5191649390624999 0.006974532812500001 0.5201909109375 0 0.5335292984375 0 0.5666830203125001
7 0.1971707875 0.4027065703125 0.17998075 0.41037756875 0.1839520234375 0.47849787812500005 0.1738760109375 0.51739369375 0.180095146875 0.525952340625 0.185530825 0.579599740625 0.1923224515625 0.5988391484375 0.21684045156249998 0.6144432906249999 0.22456014375 0.615174053125 0.24450120156250002 0.5931519390625 0.24771625625000002 0.5695465046875 0.2382067890625 0.5234833953125 0.23698950624999998 0.48883181562500005 0.2245873859375 0.47835955312499995 0.206963525 0.406290215625 0.1971707875 0.4027065703125
7 0.1747109796875 0.1508560953125 0.18504005625 0.158475475 0.197333721875 0.14901265156250001 0.198834278125 0.141184771875 0.211164096875 0.13836697656250002 0.217952753125 0.10978654218749999 0.196685959375 0.077221990625 0.1894664515625 0.07388193125 0.16534315 0.0835532546875 0.15719557343749999 0.098721840625 0.13589559843750001 0.10733210625 0.11720500625000001 0.1228309859375 0.0835781828125 0.1820788875 0.040872746875 0.22718417500000002 0.0332615078125 0.2463884953125 0.040267075 0.25767822812499996 0.061066865625 0.25167725625 0.069750778125 0.24054440625 0.1028442359375 0.2250806125 0.112814765625 0.2140695546875 0.145658128125 0.199910409375 0.149337215625 0.1670506515625 0.162881346875 0.15106459375 0.1747109796875 0.1508560953125
7 0.31216490625 0.171837728125 0.3084828484375 0.15687764375 0.286896628125 0.1601475265625 0.2730662546875 0.1707932015625 0.22489492812499998 0.251245746875 0.214282578125 0.286105828125 0.22010998437499998 0.3172088515625 0.228115925 0.32327999531249996 0.2690707109375 0.2873072359375 0.2921906703125 0.2350346578125 0.3062711375 0.22308433593750002 0.32167437187500003 0.21790083437500002 0.330608378125 0.20546333906249997 0.33096395625 0.17627393281249998 0.32424463281250004 0.1703245796875 0.31216490625 0.171837728125
7 0.317235590625 0.6784080953125 0.30851552656250003 0.6828959171875 0.295402246875 0.7308024671875 0.2894029921875 0.8099338328125001 0.3038781609375 0.8232589765625 0.31338465625 0.821502240625 0.31720835 0.8152225953125001 0.3280376125 0.82023268125 0.3377580484375 0.8105262703125 0.3488676140625 0.7252370531250001 0.340253034375 0.7018401171875001 0.324705190625 0.6804435046874999 0.317235590625 0.6784080953125
7 0.3703453796875 0.7020320859375 0.34321799531249997 0.6795393265625 0.32752851562499996 0.6793824468749999 0.3254916203125 0.68317459375 0.3470085078125 0.7144344968749999 0.34994028906249997 0.733308521875 0.3957612359375 0.7881222421875 0.416347084375 0.790070946875 0.4224577671875 0.7786945078125 0.43375106093750004 0.7744502734375 0.43575180312499995 0.7640130984375 0.41884504062500005 0.7292046359375 0.4054425484375 0.7239509609375 0.39736430624999997 0.704589759375 0.3703453796875 0.7020320859375
7 0.45297255468750003 0.10015435156250001 0.4405011 0.12421187812500001 0.42459767812500004 0.13200467031250002 0.4221690546875 0.1583411953125 0.44954653125000005 0.17952930625000002 0.4514779390625 0.20362191875 0.47009920000000005 0.222652825 0.469635165625 0.23190714687499997 0.4812870109375 0.24629335000000002 0.4960122703125 0.2583138453125 0.5163480265625 0.261567196875 0.529214184375 0.2627851375 0.5353610171875001 0.258053725 0.5277829609375 0.2360832296875 0.5273521078125001 0.2041627375 0.5162366015625001 0.19381227031249998 0.483387296875 0.1123317296875 0.46633889687499996 0.0987629984375 0.45297255468750003 0.10015435156250001
7 0.44815442968749997 0.20729227187500002 0.43943436562500005 0.21178009531250003 0.424103434375 0.23025365 0.39819333281249997 0.2424124734375 0.35516549999999997 0.2755323515625 0.341657521875 0.29816343437500004 0.3012029203125 0.33152689999999996 0.314463775 0.3580203078125 0.362924315625 0.3307279875 0.39476730937500004 0.321787428125 0.4708524484375 0.2665587265625 0.4828237171875 0.2451104953125 0.4706716875 0.2333335875 0.4734588609375 0.2256275015625 0.46077049375 0.2098148578125 0.44815442968749997 0.20729227187500002
7 0.33144284218750003 0.4061188265625 0.32851403281249997 0.43506464375 0.344525909375 0.44720693437500003 0.41471727812500003 0.4432248421875 0.443736946875 0.4353453421875 0.45538582187500004 0.40191170156249995 0.45038099374999996 0.38018479374999997 0.421289021875 0.3747742390625 0.372506084375 0.3900811515625 0.3432001703125 0.39262026875 0.33144284218750003 0.4061188265625
7 0.048631562499999996 0.28237981093750003 0.0822643265625 0.3187715953125 0.10664069062499999 0.35561546875 0.13476844375000002 0.3728896390625 0.1720109640625 0.41095145312500003 0.19770712343750002 0.40674230468749994 0.20410404999999998 0.4007062453125 0.1836959890625 0.384162840625 0.1513830203125 0.306718034375 0.10162992343749999 0.2382488765625 0.0856542 0.23275161249999998 0.044126921875 0.258043609375 0.048631562499999996 0.28237981093750003
7 0.0162590421875 0.253081009375 0.002215371875 0.326341946875 0.048065015625 0.367338734375 0.0753701859375 0.3752367890625 0.1337348921875 0.41928304218749995 0.1404180640625 0.418587365625 0.1549987171875 0.40402775 0.157285703125 0.39893095624999997 0.152103090625 0.3917987515625 0.13244530625 0.3713414046875 0.1076772125 0.357041909375 0.04498565625 0.274064753125 0.0214680265625 0.2532420234375 0.0162590421875 0.253081009375
7 0.278658421875 0.4423000859375 0.2759074 0.45665120156250005 0.263863828125 0.464809378125 0.262363271875 0.4726372578125 0.2711556390625 0.481439490625 0.2694411421875 0.4972170453125 0.2900631421875 0.5058107781250001 0.35103426249999997 0.508925803125 0.366151253125 0.49840192187500004 0.3990669203125 0.49753283281250005 0.40617797343750006 0.48093780625000004 0.40278215937499995 0.4713181015625 0.3829465875 0.46545545625000007 0.357392065625 0.448424875 0.278658421875 0.4423000859375
7 0.418649428125 0.45688028125 0.40456896249999996 0.4688306015625 0.40878735624999996 0.487826421875 0.4553917625 0.4975513875 0.47887324062500003 0.5117290890625 0.519544753125 0.5182357890625 0.55685660625 0.521767815625 0.5671133796875 0.5160971421875 0.56961430625 0.503050671875 0.5643593859375 0.4826284125 0.5490977906250001 0.4665721828125 0.49502378125 0.45481180625000006 0.44541826406249996 0.4607426015625 0.418649428125 0.45688028125
7 0.45032057343750004 0.5581741109375 0.46961980781249996 0.5600010203125 0.48845500781249995 0.5710822515625 0.5010349203125 0.5669598109375 0.5025354765625 0.5591319312499999 0.4816965640625 0.5106680296875 0.4556418546875 0.496246740625 0.4039271390625 0.492679628125 0.40099833125 0.52162544375 0.404894328125 0.5286358546875001 0.45032057343750004 0.5581741109375
7 0.3671214125 0.5821779921875 0.3990728625 0.59317251875 0.40554209375 0.6004265156249999 0.4382076671875 0.600862071875 0.4539332984375 0.6076639828125 0.4675497328125 0.6049679828125 0.47491087812500005 0.587068309375 0.45761238593750003 0.5748042234375 0.4358454078125 0.5448489671875001 0.3866316171875 0.5282353859375 0.3632947484375 0.540637796875 0.3575426140625 0.570644671875 0.3671214125 0.5821779921875
7 0.77360775625 0.416095471875 0.7581683671875 0.4146339453125 0.7101718609375001 0.43267194375000007 0.6813661328125 0.43260176875 0.663926003125 0.441577415625 0.6328332875 0.44660403437499996 0.6243994703125 0.45643223749999995 0.5982031234375 0.4632506796875 0.5874461656250001 0.4715306484375 0.5859456078124999 0.47935852968750003 0.5952743140625001 0.492196496875 0.5920592609375 0.515801934375 0.597742059375 0.52032484375 0.6136816328125 0.519177078125 0.661141803125 0.497103346875 0.6955580265625 0.488406375 0.7206455453125 0.46687143593749997 0.7801854406250001 0.443284553125 0.7852957515625001 0.437126703125 0.7847232609375 0.42644593906250006 0.77360775625 0.416095471875
7 0.1559084546875 0.6657931359375 0.1510843890625 0.67729136875 0.1756023890625 0.6928955125 0.1880406640625 0.7100128015625 0.2426871609375 0.732453940625 0.2773896296875 0.7290973515625 0.2893608984375 0.70764911875 0.285928934375 0.6913843875000001 0.27559985625 0.6837650078124999 0.2238489890625 0.6735528656249999 0.2075870203125 0.662715221875 0.1692386453125 0.6577567546875 0.1559084546875 0.6657931359375
7 0.3461740453125 0.5137790078125 0.329984378125 0.5162314203125 0.3403496078125 0.5304958296875 0.3343112296875 0.5551623234374999 0.307150665625 0.57384438125 0.296541284375 0.6565243062499999 0.299473065625 0.67539833125 0.30722890937499997 0.6827741234375 0.3169854984375 0.679712740625 0.332961221875 0.685210003125 0.3480782140625 0.674686121875 0.3516156640625 0.6630660953125 0.36408414843750003 0.5911887265625 0.352573940625 0.55556279375 0.354179984375 0.5198501546875 0.3461740453125 0.5137790078125
7 0.276793375 0.33585784375 0.2626406046875 0.334518109375 0.253670446875 0.3403105796875 0.2478821625 0.363672428125 0.2680431 0.42934032499999997 0.2814817453125 0.44123902812500004 0.32394005937500003 0.44525822968749995 0.33051477500000004 0.42462746874999996 0.328047028125 0.39649912187499997 0.32054127499999996 0.3878186828125 0.31131805468749996 0.34709595625 0.2986296890625 0.3312833140625 0.28522719531249996 0.32602963906250004 0.276793375 0.33585784375
7 0.253387171875 0.3827900421875 0.2546376359375 0.3762668078125 0.263143759375 0.379728659375 0.26389403749999996 0.37581471875 0.251277975 0.37329213125 0.24988290468750002 0.3532352546875 0.25853066406249997 0.335457375 0.280653221875 0.336223225 0.2885507046875 0.3223592859375 0.2753621515625 0.30915593750000003 0.2629961828125 0.3053287046875 0.2475929453125 0.310512203125 0.23841181875 0.37207419218750004 0.2226530046875 0.406447096875 0.22144166406250002 0.467435203125 0.2289835703125 0.48276066875 0.2362030765625 0.48610072656250003 0.253429265625 0.48507475468749994 0.26136290156249997 0.4778558453125 0.265650628125 0.4623218765625 0.27462078437500004 0.45652940781250007 0.27508481875 0.447275084375 0.2636830671875 0.43158423749999997 0.2692935640625 0.422817090625 0.253387171875 0.3827900421875
7 0.8271092703124999 0.41717508593749997 0.8258588093749999 0.4236983203125 0.837224409375 0.432744140625 0.8262896609375 0.4556188125 0.8335814734375001 0.47224892656249995 0.8228245140625001 0.480528896875 0.8390533031249999 0.5325413546875 0.8455225328125 0.5397953546875 0.8604255828125 0.5372211484375 0.8710740843749999 0.5090060937499999 0.8829368984375 0.46762277812499997 0.888044240625 0.41364508281249995 0.8819667390625 0.38384670625 0.8500514421875 0.37949720937500003 0.8380078671875 0.3876553859375 0.8271092703124999 0.41717508593749997
7 0.5909444921875 0.40544575 0.572359384375 0.393059871875 0.5668543734375 0.37394225937500003 0.5696415453125 0.366236171875 0.5983388187500001 0.3463712625 0.6003395593749999 0.3359340875 0.589760390625 0.329619353125 0.575393678125 0.3362292953125 0.5486609953125 0.3390120015625 0.54154994375 0.3556070296875 0.553491003125 0.42315345625 0.550990075 0.4361999234375 0.5621778859375001 0.45984044687500003 0.5743690375 0.5260822265625 0.5885218109375 0.5274219609374999 0.6028885234375 0.5208120203125 0.5920592609375 0.515801934375 0.5833723765625 0.479114940625 0.584622840625 0.47259170624999997 0.601026446875 0.4621896203125 0.6101020890625 0.4285123921875 0.5909444921875 0.40544575
7 0.4104746125 0.6088633671875 0.398322584375 0.5970864578125 0.37491341093749997 0.5961988140625001 0.361083034375 0.6068444890625 0.35550869218750003 0.6222566625 0.3571538546875 0.64100889375 0.366982746875 0.6512375671874999 0.3862819796875 0.653064478125 0.399111984375 0.6476373890625 0.4186974640625 0.65480468125 0.452077165625 0.64468126875 0.45943831093750004 0.6267815953125 0.42691437031249996 0.605106309375 0.41662144687499997 0.6041319578125 0.4104746125 0.6088633671875
7 0.37084259375 0.65160295 0.34961492031249997 0.6735032703125 0.349901165625 0.67884365 0.380101965625 0.698970703125 0.41023046250000006 0.7058077 0.433711940625 0.7199854015625 0.45529816093750003 0.71671551875 0.46090865625 0.707948375 0.45261647343750006 0.6965368453125 0.4392139796875 0.691283171875 0.4179471859375 0.6587186203125001 0.40322192343749996 0.646698125 0.3849953640625 0.6529426843749999 0.37084259375 0.65160295
7 0.28281936406249997 0.6871050656250001 0.2888245625 0.7036133859375 0.2771395359375 0.7304019984375001 0.2540166078125 0.7348547328125 0.25794875781250004 0.748510171875 0.25230508125 0.79845213125 0.259560740625 0.8084372171875 0.276250590625 0.8033755125 0.2954745515625 0.7440925234375 0.308015340625 0.6855052109375 0.30025949375 0.67812941875 0.29600494843749997 0.652488571875 0.264161953125 0.66142913125 0.26577096718750004 0.6735363343749999 0.28281936406249997 0.6871050656250001
7 0.3653618515625 0.447850990625 0.3785504046875 0.46105434062499995 0.40017277812499996 0.4644294859375 0.4281559234375 0.4551235453125 0.4734375609375 0.4580816875 0.51453695625 0.448689040625 0.5198973609374999 0.4412265421875 0.5160706953124999 0.3996863453125 0.470325021875 0.40598252187500006 0.4417000546875 0.43913748906250005 0.3653618515625 0.447850990625
7 0.17972174531250001 0.2682226875 0.1718242625 0.2820866265625 0.1550982609375 0.2805033046875 0.1517747515625 0.28417365625 0.151669265625 0.31205841562500003 0.18240937343750002 0.384041046875 0.20410404999999998 0.4007062453125 0.21890161406250003 0.4260167984375 0.2245482625 0.4238946828125 0.22669064218749999 0.3922177765625 0.2374114484375 0.37729277968749997 0.24084044218749998 0.3457376671875 0.22164669374999998 0.3160259984375 0.2173921453125 0.2903851515625 0.2096001484375 0.27636433125000004 0.17972174531250001 0.2682226875
7 0.246824340625 0.5947001734375 0.2761302546875 0.5921610562499999 0.321517378125 0.5672344390624999 0.3358479390625 0.553979471875 0.33981327031249997 0.52646009375 0.32326505625 0.5102820703125001 0.2993556984375 0.5120037171875 0.252003984375 0.5540125359375 0.246824340625 0.5947001734375
7 0.2212034546875 0.6600192218750001 0.2287092078125 0.668699659375 0.264161953125 0.66142913125 0.3000425828125 0.6382592500000001 0.3046858890625 0.5935358765625 0.301039984375 0.5852208203125 0.2763803453125 0.590856409375 0.2566893828125 0.6115738765625001 0.23885752343750002 0.6430939015625 0.2212034546875 0.6600192218750001
7 0.7190756546875 0.509229103125 0.7193980515625 0.5212145125000001 0.7063541078125 0.534591275 0.687127178125 0.5460544203125 0.6652908640625 0.5506289515625 0.6255503890624999 0.57343345 0.6076823765625 0.5983084453124999 0.6095414828125 0.6091110015625001 0.6200845 0.6087807062499999 0.6562513734375 0.5909512078125 0.7099306796875 0.5774361203125 0.7422377078125 0.5592412390625 0.7632152875 0.538645565625 0.7651437249999999 0.514918334375 0.7496681859375001 0.506811778125 0.7190756546875 0.509229103125
7 0.6180416640625 0.5169331671874999 0.595277284375 0.540016340625 0.5826973718749999 0.54413878125 0.5728353 0.575084921875 0.5772314828125 0.5794860390625 0.59910395 0.5815565359375 0.700207275 0.5393226859375 0.718897865625 0.52382380625 0.7136791 0.510046575 0.7172165515625 0.49842654687500004 0.7019911046875 0.48901534375000005 0.6778316531249999 0.49204163906250004 0.6180416640625 0.5169331671874999
7 0.7498836296875 0 0.7474931296875 0.012470409375 0.734985521875 0.029882907812499998 0.7136885171875 0.086313015625 0.6991440171875001 0.1075176578125 0.6776330703125 0.171897440625 0.67091671875 0.2137679328125 0.6766356703125 0.2249358703125 0.6951484734375 0.2240316921875 0.7018677953125 0.22998104375 0.7108741046875 0.23083360156250002 0.7226675859375 0.2239800734375 0.7328520546874999 0.2050193421875 0.767798675 0.10471841875000001 0.7649030484375 0.0924894203125 0.7862173484375 0 0.7498836296875 0
7 0.172387840625 0.149307859375 0.16441805468749998 0.1498817421875 0.14780050625000002 0.1682335046875 0.1474478984375 0.24524275156250003 0.15352539999999998 0.2750411296875 0.17436134375 0.2756851859375 0.1822949765625 0.26846627343749996 0.20906381093749998 0.272328596875 0.218350425 0.1828818484375 0.200943475 0.1506826796875 0.1916870734375 0.1511347703125 0.1837534390625 0.15835368125 0.172387840625 0.149307859375
7 0.056468624999999995 0.4465051875 0.0335596359375 0.44300824843750003 0.0181564 0.4481917484375 0.007399442187499999 0.45647171875000003 0.0043621765625 0.4654824515625 0.0092946984375 0.473919303125 0.00783029375 0.48839221093749996 0.018445615625 0.5013519718749999 0.0392815578125 0.50199603125 0.045928576562500004 0.4946553265625 0.10915052968750001 0.48602852968750004 0.1106149359375 0.4715556203125 0.09817666093750001 0.4544383296875 0.10732460625 0.4340511578125 0.09188521875 0.43258962968750003 0.056468624999999995 0.4465051875
7 0.097640321875 0.4504025953125 0.0994994265625 0.46120515156249997 0.11479717812500001 0.48390641093750003 0.1312730875 0.48679438125 0.1666926546875 0.5206986640625 0.1756989625 0.5215512234374999 0.1824876171875 0.4929707875 0.1807339984375 0.454283471875 0.149960709375 0.4234756578125 0.1260152 0.41855227812500007 0.120154609375 0.42862407031250005 0.1042511890625 0.4364168640625 0.097640321875 0.4504025953125
7 0.3345766796875 0.225763803125 0.3217466765625 0.23119089218750002 0.31399083125 0.2238151 0.304734428125 0.22426718750000002 0.28811688125 0.24261895 0.275145240625 0.26928576875 0.2712160609375 0.3034501734375 0.2911239359375 0.32260287499999996 0.3168200953125 0.318393728125 0.331364596875 0.2971890828125 0.341121184375 0.2941277015625 0.3405486953125 0.2834469375 0.35327024218749997 0.2580847671875 0.34290501406249996 0.2438203578125 0.3436191421875 0.233261390625 0.3345766796875 0.225763803125
7 0.590941521875 0.35762590781250003 0.567604653125 0.37002831875000003 0.5666042828125 0.3752469046875 0.5738960921875 0.39187701875 0.62793691875 0.44481220937500004 0.6487728609375 0.44545626718750003 0.6754693921875 0.43602853281250004 0.679793271875 0.42713959375000005 0.6633866953124999 0.3897218375 0.6548805718749999 0.3862599859375 0.626894453125 0.347746084375 0.605486021875 0.3364212625 0.590941521875 0.35762590781250003
7 0.6688194015625 0.39554939375 0.72675325625 0.40767515468750004 0.748339478125 0.40440526875 0.764812415625 0.3594733953125 0.7570565703125001 0.3520976046875 0.68032366875 0.33553564062499996 0.63775986875 0.359401196875 0.6373319875 0.3753005484375 0.6473748203125 0.377579546875 0.6688194015625 0.39554939375
7 0 0.43510754843750005 0.0023946156249999998 0.43474481249999997 0.0063961 0.4138704625 0.0018523375 0.3350693921875 0.0011159265624999999 0.3320773734375 0 0.33789877343749997 0 0.43510754843750005