4 0.7104854734375 0.5063783749999999 0.6939485750000001 0.49072862500000003 0.6540720984374999 0.5178040312500001 0.6329602953125 0.572164125 0.6155806109374999 0.5660243546875 0.590233784375 0.576239634375 0.5832302375 0.618494590625 0.5716306796875 0.639064671875 0.593887303125 0.663719321875 0.5931849828125 0.6716443078125 0.5741197328125 0.6845245015625 0.586602828125 0.7091442734375 0.599446909375 0.7113041109375 0.6367346265625 0.6950537015625 0.6982651109375 0.6442731046875 0.7290703828125 0.6092378359375 0.7362747984375 0.583102825 0.7229489203125 0.5679930343749999 0.7288287546875 0.538418053125 0.7104854734375 0.5063783749999999
4 0.499480978125 0.44194115624999997 0.48085676718750003 0.4130714734375 0.4505529453125 0.42406180937500004 0.4482451171875 0.4317168140625 0.47008034531250004 0.46112645781249995 0.49572920624999994 0.5394359046874999 0.5042989640625 0.5714407015625 0.5023324687499999 0.593630659375 0.508192653125 0.6010505625 0.5051024468749999 0.6359204953125001 0.48350884375 0.677330634375 0.457740625 0.692300903125 0.443692775 0.722110984375 0.42490845312500003 0.731821184375 0.4329964109375 0.750876028125 0.477749821875 0.74231550625 0.4917176171875 0.7317953671875 0.520495984375 0.7012451078125 0.5523645609375001 0.6358249171875 0.555876159375 0.5961999953125 0.5512801484375001 0.5745151171875 0.5248489109375 0.5234205968750001 0.499480978125 0.44194115624999997
4 0.193471909375 0.4934347453125 0.1804677140625 0.52985479375 0.1777188421875 0.5792596765625 0.20980939531249998 0.6216541531249999 0.2239780578125 0.6272539640625 0.24862256562499999 0.62496366875 0.259018353125 0.63636350625 0.2766789640625 0.6393332828125 0.2872152171875 0.6491481234375 0.302367128125 0.6436529546875 0.3340151796875 0.599107703125 0.3443702125 0.5558077078125 0.341660640625 0.531222815625 0.29498003281249996 0.48798352031250003 0.261404784375 0.48072895468750004 0.24583148281249997 0.4909791109375 0.193471909375 0.4934347453125
4 0.35327838906250003 0.3449682421875 0.3662432875 0.3825379703125 0.3864730046875 0.41167763281249997 0.4082281765625 0.460377215625 0.43210995781249995 0.4483069609375 0.43644468906249995 0.4361669453125 0.3927138234375 0.3596427140625 0.40607900625 0.30076273124999997 0.38018997187500003 0.2803231109375 0.3689514015625 0.2784332546875 0.35630819062499997 0.292393365625 0.35327838906250003 0.3449682421875
4 0.1988315109375 0.010065679687499999 0.228266209375 0.0456556875 0.3162686890625 0.10066944062500001 0.37683703281250003 0.15267854218750002 0.393313525 0.1506233453125 0.40232432500000004 0.140878265625 0.3934736390625 0.112043459375 0.26289002031250003 0.0030590015625 0.1995177984375 0.0023216 0.1988315109375 0.010065679687499999
4 0.557298990625 0.4146655328125 0.4998419625 0.41948122187500003 0.49550723124999996 0.4316212359375 0.5173228078125 0.498025765625 0.5305082234375 0.514720553125 0.5629597625 0.534655096875 0.5854172546874999 0.5754296953125 0.6152996828124999 0.5691943484374999 0.624591409375 0.556279275 0.619092209375 0.526399434375 0.5959323984375 0.4935498171875 0.6104016390625 0.45898474531250005 0.6078325312499999 0.43281485625 0.5861981734375 0.4195251640625 0.557298990625 0.4146655328125
4 0.452499790625 0.438866740625 0.3987959859375 0.4748772875 0.358839453125 0.5212426359375 0.3576356859375 0.5532125531250001 0.377865403125 0.5823522156250001 0.40411542031250003 0.5803319 0.4392961796875 0.5878564484375 0.45954554999999997 0.5800012234375 0.48641783125 0.5893458671875 0.50108794375 0.5709007421875001 0.5024925828125 0.555050775 0.4755191390625 0.4733013546875 0.452499790625 0.438866740625
4 0.6653696203125 0.4087092265625 0.6890112296875001 0.454508796875 0.6906771468749999 0.4724837203125 0.7108464578125 0.48391843906250004 0.7252960500000001 0.48634825625 0.74289625625 0.47161308437500005 0.7422135859375001 0.44254318281250005 0.72401076875 0.40891850781250005 0.702376409375 0.3956288125 0.67975880625 0.393434096875 0.6678179140625 0.3994692234375 0.6653696203125 0.4087092265625
4 0.6801197906249999 0.3709741609375 0.6682589546875 0.357719346875 0.6715500328124999 0.3389693625 0.6597692562499999 0.3064246078125 0.6877048421875 0.2853843296875 0.7078137484375 0.279114103125 0.720597421875 0.26356899375 0.705385103125 0.251359215625 0.672853509375 0.250714615625 0.639820465625 0.2741149484375 0.6408037125 0.26301997187500004 0.6348030640625 0.2571850625 0.6142727671875 0.26821028125 0.6156577578125 0.2893551984375 0.5864776453125 0.2876655609375 0.5572371281249999 0.2682709796875 0.55250065625 0.2481710984375 0.5444731046875 0.24682120156249998 0.4967095421875 0.2709617125 0.4660643859375 0.2674170984375 0.41250104531250004 0.30184265 0.392512953125 0.343522765625 0.3911083140625 0.35937273593749997 0.410776178125 0.3948523859375 0.4391739109375 0.42375695 0.46367795625 0.4230516515625 0.47660209218749994 0.405921546875 0.5081504390625 0.41766112343749995 0.5580013109374999 0.40674054687499994 0.592620215625 0.42060508125 0.6137123671875 0.40323987499999997 0.6701257421875 0.3918142203125 0.6801197906249999 0.3709741609375
4 0.3572521375 0.3552881625 0.35263647656249997 0.370598171875 0.3226936421875 0.3591285734375 0.3008387609375 0.36671381875 0.2705953484375 0.3954091015625 0.19664217343749998 0.4392748734375 0.1899996125 0.4590698921875 0.1964020015625 0.49714469843750003 0.23535563593750003 0.498869215625 0.2646158046875 0.48126891250000003 0.30886776875 0.496753321875 0.3723254484375 0.49777254375 0.3878987515625 0.48752238437499995 0.4094122953125 0.46540218749999995 0.41039554218749996 0.45430721093750004 0.3572521375 0.3552881625
4 0.45647499375 0.5778762671875 0.42673302812499997 0.5825266171875 0.3785677234375 0.57442723125 0.35484605625 0.5479176031249999 0.3394132171875 0.556582765625 0.32109104374999997 0.6162378093750001 0.3240014875 0.6569426484374999 0.346960425 0.6736723171875 0.3463185125 0.6993022468750001 0.3371672515625 0.7106323234375 0.3521590484375 0.7437170390625 0.3877611984375 0.74648659375 0.44110401718750003 0.7329359828124999 0.46067071875 0.69601085625 0.4829469890625 0.6836706203125 0.502373225 0.648330490625 0.510079090625 0.59815055 0.5056839515625 0.5925856203125 0.45647499375 0.5778762671875
4 0.5365707359375 0.666950015625 0.563944465625 0.6522497265625 0.5828088453125 0.623249584375 0.5866013718749999 0.580454665625 0.5645652703125 0.5349250765625 0.5199719734375 0.5049057125 0.5496746390625 0.5742451375 0.55384925625 0.60068500625 0.5365707359375 0.666950015625