3 0.343078428125 0.4311692390625 0.3027033265625 0.4247718984375 0.27070713125 0.42496933437499995 0.26018832812500003 0.42155603125 0.24017351874999998 0.42427958437499996 0.218191553125 0.43610683593750005 0.1796245171875 0.4406667546875 0.1760004421875 0.4439951390625 0.1733559734375 0.45539312499999995 0.19980412812499998 0.46910832812500003 0.2199405515625 0.496069346875 0.23973149375 0.5111859203125 0.35744865 0.541109109375 0.37748505312499997 0.539125834375 0.387024246875 0.534469534375 0.397874878125 0.5237441031250001 0.409928984375 0.5032481468750001 0.41392807343750004 0.487261584375 0.41330188906250004 0.46579352187499995 0.392596115625 0.44482818281250003 0.343078428125 0.4311692390625
3 0.6135328796875 0.31382403281250004 0.601176478125 0.32395609687500004 0.5967591890625 0.351120284375 0.6171763171875 0.387704915625 0.6323203921875 0.39659971562499996 0.6389912515625 0.421181528125 0.6436165265625 0.42666302343750007 0.6503385125000001 0.4274824875 0.6613402921875 0.4219389984375 0.6663189890625 0.4140220375 0.661002753125 0.3848516484375 0.66090273125 0.35590735625000003 0.6484247140625 0.33635484843749996 0.6412060984375 0.3185089921875 0.62909515625 0.3115412078125 0.6135328796875 0.31382403281250004
3 0.57675803125 0.37982701875 0.5727725921875 0.4217967640625 0.5782695109375 0.43164647343749996 0.59197259375 0.44216873593750006 0.59834115625 0.45638665781250004 0.6066768765624999 0.46150088125 0.6170013453125 0.45825168281249995 0.620474271875 0.449741353125 0.618004775 0.3905925734375 0.601319684375 0.35438094531250003 0.5922418765625 0.34934017812499996 0.5803684515625 0.3505154515625 0.5760670671875 0.356138125 0.57675803125 0.37982701875
3 0.5998685203125 0.45772030468749997 0.5941988609375 0.44194837343750004 0.573644234375 0.426164978125 0.571064546875 0.43978379843750004 0.5779297390625 0.4710281125 0.57691265625 0.5127040390625 0.5877121625 0.5257409578125001 0.5904782453124999 0.5440275406249999 0.5972866 0.547808115625 0.6039654015625 0.5471470234375 0.6112135515625 0.54049025625 0.6075326390625 0.5163549015625 0.6109407890624999 0.5056237390625 0.62026405625 0.49356465937499994 0.62199369375 0.476317903125 0.6111725953125 0.4625407078125 0.5998685203125 0.45772030468749997
3 0.66350178125 0.41949780312499996 0.655446765625 0.4240071921875 0.6464985109375 0.4234080921875 0.6313544359375001 0.41451329374999996 0.6277440140625 0.443824859375 0.6291122875 0.46521946718749996 0.6329306953125 0.46855358281250004 0.6378150812500001 0.4829184140625 0.645343934375 0.4858852578125 0.6614028390625 0.5006288249999999 0.667115684375 0.5178813109375 0.675537775 0.5259566453125 0.6851633390625 0.524261459375 0.6916046203125 0.515457309375 0.689818146875 0.505240328125 0.6851496859374999 0.4982782765625 0.6902954140625 0.445057453125 0.6869679265624999 0.40752364218750003 0.66765201875 0.408693184375 0.66350178125 0.41949780312499996
3 0.43255078593749996 0.5388721375000001 0.41133250312499997 0.5513662125 0.4026865453125 0.5611310031250001 0.38208079375000004 0.5691099546875 0.3668424078125 0.58249695 0.351979034375 0.5832257640625 0.35007665625 0.5945502968749999 0.3549394484375 0.6081748499999999 0.4051207953125 0.5935563234375001 0.4578307078125 0.5890813234375 0.46741308593750003 0.585905578125 0.4632276046875 0.5699867375000001 0.466311865625 0.5481514046875 0.46227753125 0.5374145078125 0.4577386265625 0.534894125 0.43255078593749996 0.5388721375000001
3 0.252411784375 0.512158025 0.24132363437499998 0.5147404015625 0.2407111015625 0.519255521875 0.24782175624999997 0.5333999890625 0.2763154921875 0.566215509375 0.2898810765625 0.5975390093749999 0.2981736109375 0.6011726765625001 0.330955084375 0.6023823390625 0.3496800484375 0.6064681984375 0.35408939687499996 0.6045469156250001 0.3504300765625 0.5811518390625 0.366013946875 0.5796092921875 0.372606378125 0.575987090625 0.3709494578125 0.570211775 0.3617420953125 0.5607293390625 0.324472846875 0.53323694375 0.252411784375 0.512158025
3 0.40579016562500003 0.6165049390624999 0.41626578125 0.618437684375 0.4178363296875 0.6212518874999999 0.4251492578125 0.6168159531249999 0.43218148125000005 0.602756403125 0.4320519265625 0.5983147343749999 0.4229525265625 0.5925336890625 0.4014103515625 0.59392359375 0.37410420625 0.6018233625 0.3981749421875 0.610576984375 0.40579016562500003 0.6165049390624999
3 0.7055007890625 0.3284780078125 0.6860121421875001 0.3237253265625 0.6697509625 0.3275621625 0.6537273 0.33954205625 0.6594401453125001 0.35679454375 0.6595185734375 0.38499855781250003 0.66701789375 0.4124680265625 0.694078578125 0.421668109375 0.7029757046875 0.44602955624999996 0.725208840625 0.46832854687500003 0.7392653453125 0.4654523515625 0.7471908078125 0.45650129375 0.7460600515625 0.44324974531250005 0.7397562640625 0.43125265781250005 0.746399821875 0.40386810625 0.7443758296875 0.3855080671875 0.711610240625 0.3338125953125 0.7055007890625 0.3284780078125
3 0.745361146875 0.44480375624999996 0.744308821875 0.4597562234375 0.737737984375 0.46411870468750005 0.7258429671875 0.4645537 0.7158071421875001 0.4521836078125 0.712536490625 0.44211353750000004 0.698393615625 0.44202861718750003 0.6899124578125 0.48295853437499997 0.69984031875 0.49162723750000004 0.7126285718750001 0.496300734375 0.7215552328125 0.49615955625 0.73521513125 0.5052012640625 0.7477363328125 0.5262343281249999 0.7552867765625 0.529941446875 0.766353334375 0.526618796875 0.7704819796875 0.5150739 0.7602518218750001 0.49604130625 0.7619246234375 0.4513308125 0.7515865046875 0.428596828125 0.7423359546875 0.41763383750000005 0.7382504937500001 0.43065928906249995 0.745361146875 0.44480375624999996
3 0.262465721875 0.39757331875 0.24168722968749998 0.399630046875 0.233740178125 0.40784082968749996 0.23397769531249998 0.4159838859375 0.2386461546875 0.42294593750000004 0.24763759375 0.42502559531250006 0.258747334375 0.423183496875 0.26118952812499996 0.43036591093750004 0.267234203125 0.4334796640625 0.299864528125 0.429507384375 0.35512459218750003 0.43591618906249996 0.380744284375 0.44674373593750005 0.4189363046875 0.4548419953125 0.43886474375000006 0.44915733125 0.42939826875 0.4307915609375 0.3964224640625 0.42291939375 0.37451321718749997 0.41172457656250006 0.33564388749999996 0.40592060312499995 0.312358425 0.3985740828125 0.286385309375 0.40114499531250003 0.262465721875 0.39757331875