4 0.6429220671875 0.31013800156250004 0.6100574140624999 0.2862871265625 0.5975011578125 0.2856272046875 0.5817103218749999 0.30692088281249996 0.5977858546875 0.323568340625 0.5971911953125 0.3314383703125 0.5721020984375 0.350663103125 0.5798542421875 0.373194134375 0.579782140625 0.4158572875 0.6022547312500001 0.4312606984375 0.6197574484375 0.42902007812500004 0.6311712140625 0.48650921093750005 0.6647728765625 0.5214606203125001 0.6829891828125 0.509775959375 0.705533875 0.48251621875 0.70465451875 0.45244511562499995 0.7197317625 0.440595475 0.7170450109375001 0.4135898953125 0.69333626875 0.3728374 0.6429220671875 0.31013800156250004
4 0.5502944140625 0.38902338125 0.553267715625 0.34967322031250003 0.5333882125 0.2790970953125 0.51089220625 0.2431491109375 0.49928740625 0.2298971375 0.45809936562500003 0.2119298375 0.44737392187499997 0.22874896875 0.4636873171875 0.2422484125 0.47229539843749996 0.274305971875 0.4944111953125 0.2944314 0.5083459484375 0.33941097343750004 0.5057294453125001 0.3740391140625 0.49897558750000004 0.38000518125 0.497310540625 0.40204126875 0.48406410781250003 0.4313699609375 0.44720259687499997 0.5021244515625 0.4217567046875 0.5260712015625 0.42273157968749997 0.5340237234375 0.44979383281249996 0.5512486125 0.472100659375 0.5271368812499999 0.5092000343749999 0.4532343765625 0.5424701703125 0.40915550468750006 0.5502944140625 0.38902338125
4 0.29170371093749997 0.28693818125 0.27443886093750003 0.2860307890625 0.2627385453125 0.2948973953125 0.23967129375 0.2873640171875 0.2253076421875 0.28976961874999996 0.18804250312499998 0.32415698125 0.1827860796875 0.3728686921875 0.1893489015625 0.4111397859375 0.23874140000000002 0.42479751875 0.25191573125 0.43813198125 0.2849948328125 0.43829026718749997 0.336266828125 0.4062193203125 0.3427594046875 0.382856696875 0.339811371875 0.33845455625 0.316816221875 0.2882580234375 0.30328509531250003 0.27964557968750003 0.29170371093749997 0.28693818125
4 0.332933025 0.658885253125 0.36080438593749997 0.6445475218750001 0.3574761453125 0.5843228265625 0.41124571093749995 0.5191977453125001 0.409058103125 0.5064407140625 0.38827397656249996 0.4895457859375 0.35983136875 0.5322981234374999 0.335955009375 0.5563273640624999 0.3176431859375 0.5901306046875 0.3121488984375 0.6419903265625 0.32194630156250004 0.6583078203125 0.332933025 0.658885253125
4 0.14610633125 0.9208703984375 0.3187567 0.8256474421875 0.3317652671875 0.7994667640625 0.32475013124999996 0.78803626875 0.3094116078125 0.782489346875 0.243538096875 0.8201139078124999 0.15110147812500002 0.8547621281250001 0.1174454671875 0.8830933984374999 0.11665825 0.8935118234375 0.11844941718749999 0.9115155421875001 0.1271530171875 0.9214545234375 0.14610633125 0.9208703984375
4 0.4979988640625 0.47634953125 0.466678471875 0.5363334484375 0.46886607968750005 0.54909048125 0.5227293093750001 0.5661436953125001 0.5509808828125 0.5676285187500001 0.573667921875 0.5593393437499999 0.5802794312499999 0.5344027109375 0.57202814375 0.49762313125 0.59928143125 0.4706108578125 0.60926986875 0.44269119375 0.6024925953125 0.4281126859375 0.575073546875 0.41560981718749995 0.5472255968749999 0.450492121875 0.5131950375 0.46292588593749995 0.4979988640625 0.47634953125
4 0.4543132484375 0.4914363671875 0.4929821578125 0.417616353125 0.4941714765625 0.4018762890625 0.4831613375 0.380754284375 0.45612250000000004 0.3840739703125 0.4381206390625 0.37206604374999996 0.4034720046875 0.37182526562499996 0.378835221875 0.364209396875 0.3549588625 0.3882386375 0.3510106921875 0.4196362765625 0.3816156375 0.473393271875 0.4269410296875 0.5200226484375 0.4543132484375 0.4914363671875
4 0.6576369546875 0.6159010046875 0.68032399375 0.607611828125 0.7029876171875 0.5787780796875001 0.7082674578125 0.55061094375 0.6938803921875001 0.5324719703125 0.6797546031249999 0.531729559375 0.658756028125 0.5385272203125 0.6543087109375 0.555676309375 0.6245344359375 0.59519814375 0.625390375 0.6047246734375 0.6357824390625 0.6131721375 0.6576369546875 0.6159010046875
4 0.6375158812499999 0.7570666421875 0.65392479375 0.74844750625 0.6442463218750001 0.7305560046874999 0.6261255296875 0.7201220828125 0.60291593125 0.6936181375 0.619301428125 0.6644544265625 0.6191590812500001 0.645483859375 0.6325478578125 0.6351257359375 0.62636525 0.6126771953125 0.5745472781250001 0.5894104453125 0.5572590109375 0.5679584796875 0.52213465 0.574013728125 0.47647587500000005 0.5526509468749999 0.4446095078125 0.5572971671875 0.43504996875 0.5378316578125 0.4118637859375 0.5318722859375 0.3802587 0.5539150703125 0.3559066125 0.5842403359375 0.35471729218750003 0.5999804 0.3670825140625 0.64487748125 0.412526840625 0.68993285 0.442229015625 0.6930741703125001 0.48379726874999995 0.7268640234375 0.49164492812500005 0.7272764734375 0.499350240625 0.7087183578125 0.530241734375 0.6961196140625 0.5582554453124999 0.7007524515625 0.553570265625 0.7210495546875 0.5713342609375001 0.73620549375 0.577969184375 0.731813434375 0.578801709375 0.7207953890625001 0.6064820390625 0.7506948203125 0.6375158812499999 0.7570666421875
4 0.1837356828125 0.46457351406249997 0.24706293437500002 0.52321081875 0.271247403125 0.5576672859375 0.2908187953125 0.569757703125 0.32111563125 0.565028990625 0.323065375 0.5809340375 0.3893677796875 0.4959243015625 0.390200303125 0.48490625625000006 0.373268834375 0.45873227187500004 0.360094503125 0.44539781093749997 0.2995963484375 0.432736653125 0.25505479375 0.43829696250000005 0.2300378 0.41485853749999996 0.19272583125 0.4081567546875 0.180573203125 0.44386396093749997 0.1837356828125 0.46457351406249997
4 0.41439033593749997 0.2064721015625 0.38009849687499997 0.201509303125 0.3605739375 0.23050803437499998 0.367470140625 0.24351253593750002 0.363997696875 0.26861414843750003 0.33950326249999996 0.279968846875 0.33025183281250003 0.31898904687499996 0.338169740625 0.3810352203125 0.351463003125 0.3927956765625 0.3782405609375 0.372079428125 0.4253265203125 0.37455413437499996 0.4528645015625 0.38548299531249997 0.5019957203125001 0.38174416718750004 0.5070611125 0.37726961718749996 0.5077278734374999 0.32673643124999996 0.49488692343749996 0.288135375 0.4756723265625 0.2713229390625 0.4629503078125 0.2311478765625 0.41439033593749997 0.2064721015625
4 0.5490816781250001 0.38421887187500003 0.5409006390625 0.4090730140625 0.5016136546875 0.47021848593750004 0.5487951296875 0.45057461249999997 0.5769998734375 0.4109702875 0.5802110375 0.36847211562500004 0.566894359375 0.33616708281249996 0.54320903125 0.315959165625 0.5490816781250001 0.38421887187500003