7 0.375234521875 0.49093183281249997 0.3721075671875 0.42213883750000003 0.3986866796875 0.40494058749999995 0.4080675421875 0.379924953125 0.393996246875 0.35334584062499996 0.379924953125 0.35490931875 0.37367104375000004 0.38148842968749996 0.35334584062499996 0.38148842968749996 0.312695434375 0.41744840468750005 0.3064415265625 0.44715447187499996 0.281425890625 0.4643527203125 0.2532833015625 0.5300187625 0.21106941875000002 0.5941213265624999 0.190744215625 0.6175734828125 0.1969981234375 0.6441525953125 0.1985616015625 0.6441525953125 0.20392209375 0.6441525953125 0.245465915625 0.672295184375 0.2876798 0.6863664796875 0.31425891250000004 0.6832395250000001 0.348655409375 0.62539086875 0.3924327703125 0.5300187625 0.389305815625 0.5128205125 0.3658536578125 0.523764853125 0.36429018125 0.49405878750000004 0.375234521875 0.49093183281249997
10 0.411194496875 0.1985616015625 0.348655409375 0.236085053125 0.3205128203125 0.245465915625 0.2532833015625 0.28611632343750004 0.2173233265625 0.3267667296875 0.2173233265625 0.3314571609375 0.2485928703125 0.37367104375000004 0.262664165625 0.3830519078125 0.34240150156250004 0.35021888749999996 0.4080675421875 0.31113195781249997 0.497185740625 0.267354596875 0.48155096875 0.2141963734375 0.46278924374999997 0.17510944374999998 0.411194496875 0.1985616015625
1 0.251719825 0.6738586609375 0.2376485296875 0.6660412765625 0.195434646875 0.641025640625 0.1876172609375 0.6175734828125 0.209505940625 0.5941213265624999 0.22670419062499997 0.5659787359374999 0.251719825 0.5300187625 0.27204502812500003 0.49093183281249997 0.30018761718750003 0.4549718578125 0.31113195781249997 0.420575359375 0.2345215765625 0.4440275171875 0.11726078749999999 0.465916196875 0.1110068796875 0.4846779234375 0.0578486546875 0.483114446875 0.051594746875 0.5769230765625 0.060975609374999996 0.611319575 0.118824265625 0.7629768609375 0.159474671875 0.789555971875 0.21888680468750002 0.7817385859375 0.2126328953125 0.780175109375 0.2376485296875 0.7723577234375 0.2376485296875 0.75046904375 0.23139462187499998 0.712945590625 0.2329580984375 0.6848030015625 0.2595372109375 0.712945590625 0.251719825 0.6738586609375
1 0.756395003125 1 0.7926829265625 0.9427767359375 0.79111945 0.881801125 0.7020012515625 0.9068167609375 0.5925578484375 0.8864915578125 0.40337711093750006 0.888055034375 0.3877423390625 0.9943714828125 0.393996246875 0.995934959375 0.389305815625 0.9990619140625 0.4328330203125 1 0.756395003125 1
1 0.62539086875 0.8286429015625 0.58005003125 0.8474046281250001 0.5847404625 0.883364603125 0.5816135078125 0.8864915578125 0.64258911875 0.898999375 0.7020012515625 0.9052532828125001 0.7958098812500001 0.8849280796875 0.7926829265625 0.83176985625 0.6988742968749999 0.82238899375 0.62539086875 0.8286429015625
1 0.994387796875 1 0.9990619140625 0.8208255156250001 0.9896810500000001 0.8083176984374999 0.9584115078125001 0.753595996875 0.9318323953125001 0.6488430265625 0.9021263296875001 0.5988117578125001 0.8771106937500001 0.5440900562500001 0.8646028765624999 0.5440900562500001 0.8380237656249999 0.5409631015625 0.7770481546875 0.5378361468749999 0.8051907437500001 0.991244528125 0.8064415265625 1 0.994387796875 1
1 0.748905565625 0.28298936874999997 0.7629768609375 0.25484677968749997 0.7395247031250001 0.2173233265625 0.7160725453125 0.1813633515625 0.672295184375 0.159474671875 0.6128830515625 0.10944340156250001 0.50343965 0.2141963734375 0.5050031265625 0.23139462187499998 0.6519699812499999 0.39086929375 0.6535334578125 0.3924327703125 0.6863664796875 0.3767979984375 0.703564728125 0.39086929375 0.753595996875 0.39712320156250003 0.789555971875 0.4080675421875 0.7676672921875001 0.34240150156250004 0.748905565625 0.28298936874999997
6 0.611319575 0.641025640625 0.6175734828125 0.6003752343750001 0.5878674171875 0.573796121875 0.5628517828125 0.5769230765625 0.5425265796875001 0.5440900562500001 0.5112570359374999 0.5878674171875 0.48936835468749995 0.636335209375 0.47998749218750003 0.5847404625 0.4643527203125 0.5628517828125 0.46278924374999997 0.5456535328125 0.465916196875 0.5112570359374999 0.415884928125 0.5300187625 0.3877423390625 0.5722326453125001 0.37054409062500004 0.641025640625 0.3580362734375 0.6863664796875 0.34240150156250004 0.7317073171875 0.35021888749999996 0.775484678125 0.37367104375000004 0.82238899375 0.3767979984375 0.8192620390625001 0.41744840468750005 0.8286429015625 0.4534083796875 0.8395872421874999 0.5112570359374999 0.8395872421874999 0.5378361468749999 0.82238899375 0.5456535328125 0.7942464046875 0.5706691687500001 0.7410881796875 0.586303940625 0.6988742968749999 0.611319575 0.641025640625
1 0.28924327656250004 0.7317073171875 0.2532833015625 0.75984990625 0.22357723593749998 0.7958098812500001 0.267354596875 0.8927454656249999 0.298624140625 0.8958724203124999 0.34240150156250004 0.9318323953125001 0.35334584062499996 0.9208880546874999 0.3611632265625 0.9052532828125001 0.3674171359375 0.8739837390625 0.35490931875 0.8692933078125 0.36429018125 0.83176985625 0.36429018125 0.8145716078125 0.3408380234375 0.775484678125 0.3095684796875 0.7473420890625 0.28924327656250004 0.7317073171875
6 1 0.3530331453125 0.9881175734375001 0.3470919328125 0.9896810500000001 0.3361475921875 0.9677923703125 0.3330206375 0.9818636640625 0.28611632343750004 0.9427767359375 0.26579111875 0.8864915578125 0.262664165625 0.8739837390625 0.281425890625 0.8599124453125 0.28924327656250004 0.84584115 0.26891807343749996 0.8176985609375 0.281425890625 0.79111945 0.29237023125 0.78642901875 0.31425891250000004 0.784865540625 0.33771106875 0.8083176984374999 0.3580362734375 0.83176985625 0.3689806125 0.842714196875 0.3924327703125 0.881801125 0.4283927453125 0.9333958718750001 0.425265790625 0.9677923703125 0.39086929375 0.9818636640625 0.3767979984375 1 0.35412757968749997 1 0.3530331453125
6 0.6832395250000001 0.51751094375 0.658223890625 0.48936835468749995 0.6738586609375 0.4768605375 0.6378986859375 0.4377736078125 0.6128830515625 0.42370231406250003 0.5784865546875 0.393996246875 0.5706691687500001 0.35334584062499996 0.533145715625 0.31738586562500004 0.4580988125 0.28611632343750004 0.40337711093750006 0.3205128203125 0.45028142656250003 0.3158223890625 0.501876171875 0.33771106875 0.5378361468749999 0.37054409062500004 0.5675422140624999 0.425265790625 0.5972482796875 0.4487179484375 0.5753596 0.48155096875 0.5847404625 0.53470919375 0.550343965625 0.5393996249999999 0.555034396875 0.5362726703125 0.5065666046875 0.519074421875 0.4706066296875 0.501876171875 0.46278924374999997 0.5300187625 0.465916196875 0.5612883046875 0.47998749218750003 0.5847404625 0.48936835468749995 0.636335209375 0.53470919375 0.5581613515625 0.5659787359374999 0.5784865546875 0.5972482796875 0.5847404625 0.6222639156249999 0.6035021890625 0.611319575 0.6488430265625 0.594782796875 0.68792995625 0.5972482796875 0.68792995625 0.5941213265624999 0.694183865625 0.6394621640625 0.7160725453125 0.662914321875 0.7066916828124999 0.6848030015625 0.7004377734375 0.712945590625 0.6801125703124999 0.717636021875 0.636335209375 0.7160725453125 0.5831769859375 0.7270168859374999 0.564415259375 0.7254534078125 0.53470919375 0.7004377734375 0.5393996249999999 0.6832395250000001 0.51751094375
6 0.35959975 0.9099437140625 0.3861788625 0.9412132578125 0.35490931875 0.8348968109375001 0.37054409062500004 0.8927454656249999 0.35959975 0.9099437140625
5 0.5784865546875 0.842714196875 0.6191369609375 0.8348968109375001 0.6566604125 0.82238899375 0.7113821140625001 0.8208255156250001 0.7223264546875 0.8036272671875 0.7191995 0.7723577234375 0.7473420890625 0.7786116328125 0.78642901875 0.784865540625 0.789555971875 0.748905565625 0.766103815625 0.72388993125 0.730143840625 0.7051282046875 0.734834271875 0.6910569109375 0.7520325203125 0.694183865625 0.7833020640624999 0.712945590625 0.7723577234375 0.6019387109375 0.7567229515625 0.586303940625 0.7582864296875 0.559724828125 0.730143840625 0.550343965625 0.717636021875 0.5675422140624999 0.71450906875 0.5988117578125001 0.717636021875 0.636335209375 0.712945590625 0.6848030015625 0.6926203875 0.69731081875 0.636335209375 0.71450906875 0.5925578484375 0.703564728125 0.6019387109375 0.7395247031250001 0.5816135078125 0.7223264546875 0.5753596 0.744215134375 0.5565978734375 0.784865540625 0.53470919375 0.825515946875 0.50813008125 0.8395872421874999 0.4534083796875 0.8395872421874999 0.395559725 0.825515946875 0.3689806125 0.8208255156250001 0.35959975 0.85834896875 0.3767979984375 0.8927454656249999 0.3721075671875 0.9380863046875 0.3748436515625 0.9326141343750001 0.3767979984375 0.9365228265625 0.37836147656249997 0.9365228265625 0.3924327703125 0.9443402125 0.411194496875 0.8896185109375001 0.465916196875 0.8849280796875 0.523764853125 0.888055034375 0.5878674171875 0.8849280796875 0.5753596 0.8599124453125 0.5784865546875 0.842714196875
1 0.38148842968749996 0.35334584062499996 0.3689806125 0.33771106875 0.26579111875 0.3877423390625 0.2173233265625 0.3267667296875 0.19387116875 0.37836147656249997 0.204815509375 0.4393370859375 0.2079424640625 0.44559099375000005 0.2642276421875 0.43151970000000006 0.3095684796875 0.41901188281249996 0.323639775 0.40963101875 0.35021888749999996 0.38148842968749996 0.375234521875 0.379924953125 0.38148842968749996 0.35334584062499996
6 0.22357723593749998 0.32207629843749996 0.2485928703125 0.2876798 0.240775484375 0.25641025625 0.20168855468750002 0.2376485296875 0.164165103125 0.25484677968749997 0.065666040625 0.25797373281249997 0.101626015625 0.34552845468750004 0.101626015625 0.3861788625 0.101626015625 0.4690431515625 0.10944340156250001 0.4643527203125 0.1047529703125 0.4690431515625 0.10318949375 0.4706066296875 0.1297686046875 0.465916196875 0.1422764234375 0.35959975 0.200125078125 0.37054409062500004 0.22357723593749998 0.32207629843749996