7 0.6273661203125 0.0500047703125 0.598969190625 0.053847978124999994 0.5668827453125 0.066886628125 0.5449524718750001 0.06404406562500001 0.540683353125 0.0892871734375 0.5551256546875 0.09223401249999999 0.5621029671875 0.0888389890625 0.587429971875 0.11576858906250001 0.6039378906249999 0.125432284375 0.6314224375 0.1332941953125 0.7088784218749999 0.142259053125 0.7217427875 0.14822592031249998 0.74769535625 0.14621558437499999 0.7649837374999999 0.13233368437499998 0.7738087953125 0.0990822875 0.766722546875 0.0841906984375 0.7514368078125 0.073610565625 0.7187077875 0.0715179921875 0.6865353875 0.059823892187500005 0.6273661203125 0.0500047703125
7 0.73193895 0.169969728125 0.6865923890625 0.1415200796875 0.5933170234375 0.1251304796875 0.58507156875 0.1423342125 0.597758053125 0.149352875 0.6101977125 0.17676174375 0.6251047109375001 0.19589160625 0.6577877671875 0.2108764546875 0.6892256671875 0.23322387656250002 0.7074894046875 0.23881574687499998 0.7133764546875 0.2481776375 0.7552573421875 0.2718786609375 0.7723218796875 0.2719408296875 0.7767229203125 0.2585382015625 0.7941662 0.25005064374999997 0.7952564609375 0.2372937296875 0.8013903359375 0.2262654140625 0.7859726796875 0.20384480312500003 0.74669105 0.1837052484375 0.73193895 0.169969728125
7 0.467404421875 0.1818285765625 0.4496513421875 0.179527453125 0.44418302499999995 0.1992408578125 0.46140246406249996 0.20469736875 0.46813295312500003 0.22169255468750002 0.4809743328125 0.23410555781250003 0.5189248484375 0.2368749328125 0.5458527734375 0.2543383671875 0.59682255 0.26846895000000004 0.672901459375 0.272955903125 0.6812618203125 0.22352148593750001 0.6197171375 0.1961968234375 0.5757016921875 0.185117353125 0.529041028125 0.183368690625 0.500890925 0.16682169062500002 0.4855592203125 0.1691338328125 0.467404421875 0.1818285765625
7 0.625540453125 0.2690380671875 0.6053200390625 0.275015953125 0.577565684375 0.29399038593750004 0.5681669968749999 0.2927721453125 0.55892320625 0.29694824375 0.555922228125 0.3083826390625 0.5590321421875 0.315234859375 0.5746966234374999 0.3172652609375 0.5896266046874999 0.329948984375 0.6094452984375 0.3389669671875 0.7297634953125 0.34058931718749996 0.7442287796875 0.3370900203125 0.7706060531250001 0.31363768125 0.7635198046875 0.2987460890625 0.7663658843750001 0.28191735 0.743924953125 0.27578403749999997 0.6850654828125 0.27675359843749997 0.625540453125 0.2690380671875
7 0.5251558578125 0.24420301093750002 0.52100164375 0.23721543125000003 0.486006146875 0.235903934375 0.4697850453125 0.24347505625000002 0.42067405 0.2940765640625 0.41034 0.3110095765625 0.38414060625 0.3334101203125 0.37538449375 0.3473231046875 0.3734278125 0.35889286249999997 0.3774041453125 0.3669322359375 0.38957997031249997 0.37066015 0.3888454703125 0.3813134734375 0.3956219203125 0.3854163828125 0.41686365625 0.3860199921875 0.432218340625 0.3772617140625 0.4498624828125 0.3612762234375 0.46097699687500004 0.320797615625 0.4885304875 0.3093211125 0.5124634046875001 0.287701646875 0.52070885625 0.2704979125 0.5251558578125 0.24420301093750002
7 0.39065322187499996 0.313832075 0.38247671250000004 0.3116973984375 0.3709664453125 0.316654571875 0.34101455937499997 0.317071671875 0.32668119375 0.3324114484375 0.3069714359375 0.3416800828125 0.2971710234375 0.3554577046875 0.243240259375 0.39038654687499996 0.2316610484375 0.41468213125000003 0.23581526406250003 0.421669709375 0.2460803703125 0.4240751078125 0.24481222812499998 0.43788381718749997 0.265009665625 0.43835206875 0.28191930468750004 0.4330199 0.304962821875 0.41665941249999994 0.31091881718750003 0.4066828921875 0.32713991875000004 0.3991117703125 0.3674718171875 0.3688693828125 0.394095915625 0.3250268375 0.39065322187499996 0.313832075
7 0.45739044375000004 0.398796975 0.4643217953125 0.408294225 0.4782304578125 0.414396453125 0.5015837703125 0.40882464687500003 0.5155213843750001 0.3579634390625 0.512836175 0.32966921718750003 0.49808407499999996 0.315933696875 0.48608613125 0.3111539875 0.46237705625 0.31882938437499997 0.4519970421875 0.3486546703125 0.45739044375000004 0.398796975
7 0.564316609375 0.34709054687499996 0.552295684375 0.348756975 0.543608515625 0.3433315484375 0.5139894093749999 0.3480911921875 0.5076087109375 0.379509715625 0.49589758125000005 0.3919648234375 0.4928276578125 0.42273763124999997 0.482849365625 0.437567053125 0.48071480468749994 0.45018860624999996 0.48862151249999997 0.47915962656250005 0.5002866781249999 0.47959679218750007 0.506931209375 0.47185922500000005 0.5231523140625 0.464288103125 0.5329986875 0.4376182046875 0.547154175 0.42333022500000006 0.566646059375 0.3774883609375 0.568803603125 0.358420671875 0.564316609375 0.34709054687499996
7 0.6577928375 0.3559822171875 0.656616621875 0.34400637968750003 0.6381750046875 0.339466303125 0.6226654218750001 0.34283024218749997 0.605176178125 0.3642100734375 0.5557553875 0.4040228984375 0.5408654 0.4289642015625 0.5390866 0.43948216249999994 0.5271975921875 0.452989065625 0.52595243125 0.4603516390625 0.531328825 0.46642278125000003 0.53986109375 0.46645386718750004 0.55035004375 0.45491519374999995 0.5653259875 0.45470664375 0.589212940625 0.44597945 0.6327236984375 0.4032508703125 0.6531449765625 0.389775053125 0.666124246875 0.3635112359375 0.6577928375 0.3559822171875
7 0.6437803093750001 0.4766991359375 0.63107084375 0.47612661093749997 0.5759868453125 0.49263347656249995 0.566209415625 0.4999649625 0.5341919140625 0.49366520625000004 0.5127493171874999 0.5005595265625 0.49648225312500005 0.5210229234375 0.48321616718750005 0.5300519218749999 0.48719250000000003 0.538091296875 0.49799124843750003 0.53734130625 0.5117220296875 0.5444953296875 0.5369630796875 0.5466921765625 0.5840254687499999 0.533444975 0.63959714375 0.5266749953125001 0.6532189890625 0.5155424046875 0.65446415 0.50817983125 0.6490877562499999 0.5021086890625 0.6508895390625 0.48514459062500004 0.6437803093750001 0.4766991359375
7 0.42377709374999994 0.5470691453125001 0.43032970156249994 0.565116121875 0.44699251718750005 0.580174159375 0.46110204218749995 0.5787784546875 0.4721016515625 0.57053053125 0.47476985312500003 0.5547535890625 0.472038678125 0.5393516421875 0.3996782375 0.46870580781250004 0.3713732359375 0.44676446875 0.377455178125 0.499145725 0.42377709374999994 0.5470691453125001
7 0.3567130625 0.4072443984375 0.33844932499999997 0.4016525265625 0.3241159578125 0.4169923046875 0.31715565625000003 0.4644584890625 0.3167309515625 0.4859004921875 0.32832717499999997 0.5056760687499999 0.3462581328125 0.506925396875 0.3602127578125 0.5001353515625 0.366168753125 0.4901588296875 0.3701050953125 0.46057317812500004 0.3680394796875 0.4538563203125 0.37246349843750004 0.4340075546875 0.3681543859375 0.42162563437499995 0.3567130625 0.4072443984375
7 0.45148041250000004 0.39588122187499997 0.43586189375 0.3809585453125 0.42855180312499996 0.3800110234375 0.413375 0.38771750625 0.4029320125 0.3863639046875 0.398863753125 0.404109078125 0.40661555937499994 0.427685759375 0.4284309265625 0.46275900937500003 0.43816239375 0.46831979375 0.44678061874999997 0.49308363125000004 0.4603105375 0.5077355875 0.46866492812500005 0.5088184671875 0.4740872828125 0.5019973375 0.480353075 0.5028094984375 0.4932863828125 0.48943795312500005 0.49348724375 0.48194002031250005 0.487066553125 0.47573351875 0.4727621390625 0.4341098578125 0.45148041250000004 0.39588122187499997
7 0.32681908125 0.293734625 0.32495432812499997 0.2795198359375 0.3096456046875 0.275385840625 0.295180321875 0.2788851375 0.280669075 0.29527671093749996 0.22638255156249998 0.33230914375 0.20566848593749998 0.3790674421875 0.2054676265625 0.386565375 0.2092890609375 0.3892104078125 0.2251544015625 0.3837428796875 0.24657401874999998 0.38329469375 0.270460971875 0.3745675 0.298393203125 0.3545412703125 0.3097715515625 0.337743615625 0.33139202968750003 0.3297975 0.34508281875 0.299326496875 0.32681908125 0.293734625
7 0.5525815984375 0.561614853125 0.5408245046875 0.5869622359375 0.548088634375 0.60080203125 0.6015657421875 0.64427863125 0.636538259375 0.6520362671875 0.6461148265625 0.6522027125000001 0.6484042890625 0.6449754984375 0.640250759375 0.636394684375 0.6361425078125 0.616514834375 0.6112801984375 0.6057682546875001 0.5960404234375 0.5822958484375 0.5746897515625 0.563405621875 0.5525815984375 0.561614853125
7 0.1825619984375 0.36424904062499996 0.16743115625 0.35906325 0.152277334375 0.3603235953125 0.1429645984375 0.38383810625 0.14100791875000002 0.39540786250000004 0.14445061406249998 0.4066026265625 0.2389881515625 0.4597008171875 0.248920478125 0.45776366875 0.2460803703125 0.4240751078125 0.2328602453125 0.42021183281249996 0.23343984843749999 0.4041641703125 0.2284192171875 0.39598943750000004 0.2096448203125 0.3871068171875 0.20375777031250003 0.377744925 0.1825619984375 0.36424904062499996
7 0.1980996296875 0.49954472812499995 0.192298534375 0.5149155890625 0.1948748078125 0.5249231953125 0.21809023437500002 0.5580282109375 0.22868812031250002 0.5647761546875001 0.2373293265625 0.5830938531250001 0.25559306249999997 0.5886857265625001 0.26605903125 0.583593190625 0.2668624765625 0.5536014578125 0.256620353125 0.5447499234375 0.253734278125 0.5239536375 0.2360731265625 0.495867965625 0.22147592500000002 0.48752678437499997 0.2138100734375 0.48868285624999996 0.1980996296875 0.49954472812499995
7 0.3066956578125 0.41903372499999997 0.29554115 0.42188730625000004 0.27860852812500003 0.43366561406250004 0.2505443796875 0.44185136875 0.2455407578125 0.47774779531249995 0.2613371578125 0.49161867656249997 0.2822461125 0.48787974375000004 0.3140457421875 0.45760627343750004 0.345736434375 0.4090461859375 0.3506711125 0.39248816875000003 0.348427615625 0.38682310625 0.3384952875 0.388760253125 0.32016260625 0.4025067921875 0.3066956578125 0.41903372499999997
7 0.3169088328125 0.484848696875 0.2922014234375 0.4794964609375 0.2686472484375 0.49256619687500003 0.26115927656250004 0.492670471875 0.2582272421875 0.48476646093750003 0.2500507328125 0.4826317828125 0.2411397203125 0.491150425 0.2412946203125 0.4965447671875 0.253292565625 0.5013244765625 0.2638674703125 0.5145185578125 0.2821082265625 0.526556565625 0.3388331359375 0.5382085609375 0.3718719546875 0.5510898156249999 0.396424465625 0.5510477109374999 0.406069978125 0.5318757453125 0.3762329984375 0.5000621609375 0.3616128171875 0.49816711874999997 0.34556959374999996 0.5046864453125 0.3328601296875 0.50411391875 0.3224401234375 0.4963141796875 0.3169088328125 0.484848696875
7 0.2508073140625 0.6611553859375 0.27584750156250004 0.670850165625 0.317372628125 0.69665478125 0.35863391718750004 0.698778440625 0.363189853125 0.6907701515625 0.3549044078125 0.670348859375 0.271676278125 0.6197914250000001 0.25932257187499996 0.61711530625 0.2457237078125 0.6218017609375 0.23587733281249998 0.6484716609375 0.2508073140625 0.6611553859375
7 0.5970847218750001 0.5824312093749999 0.60936948125 0.6044457390625 0.6768012140625 0.641132290625 0.68306700625 0.64194445 0.7082221015625 0.6194085484375 0.7092893828125 0.6130977718749999 0.702180153125 0.60465231875 0.6389256125 0.56850720625 0.587754975 0.56187455625 0.5847539984375001 0.573308953125 0.5970847218750001 0.5824312093749999
7 0.195741228125 0.52611035 0.17865370625000002 0.5324943171875 0.1756067640625 0.556820990625 0.22728209062500002 0.6172616875 0.241902271875 0.6191567296875 0.2513239421875 0.6139288328125 0.2553922015625 0.5961836593750001 0.252815928125 0.586176053125 0.23646290625000002 0.5819066984375 0.2293766578125 0.56701510625 0.21809023437500002 0.5580282109375 0.195741228125 0.52611035
7 0.3627541109375 0.6176236921875 0.35022252656249997 0.61599936875 0.3442895125 0.6195297531249999 0.3348218796875 0.637649921875 0.333220959375 0.6471160874999999 0.3366866328125 0.6518647125 0.4114514390625 0.68305265 0.43740400937499996 0.6810423140624999 0.45480132656250005 0.685447028125 0.4602466625 0.6721797609375 0.44911513750000004 0.66858720625 0.4333417203125 0.6482701890625 0.4208331171875 0.640199728125 0.3742184140625 0.625558790625 0.3627541109375 0.6176236921875
7 0.6562948828125 0.4342522953125 0.6547629078125 0.42438005 0.6234109640625001 0.42676538124999996 0.5705474796875001 0.45538344531249997 0.549816403125 0.45807058281249996 0.5461268859375 0.46726602812499995 0.50777465 0.47949251875 0.5040851296875 0.4886879640625 0.5073729265625 0.49448838593750005 0.5230603890625 0.4900726515625 0.563432278125 0.49745529062499994 0.6268936484375 0.47558516875 0.6519798 0.47238767812500004 0.66402370625 0.4642751140625 0.6597145953125 0.45189319687499996 0.6627155734375 0.4404587984375 0.6562948828125 0.4342522953125
7 0.4459482203125 0.5800387984375 0.43466179531250004 0.5710519046875 0.42630740625 0.5699690234375 0.4235072875 0.5739054875 0.425882703125 0.5914110265625 0.41712658906250005 0.6053240109375 0.412415753125 0.607937959375 0.3896190609375 0.6039082375 0.3908182578125 0.609437940625 0.40177190625000003 0.6140822906250001 0.48591838750000005 0.60241730625 0.5093176640625 0.5839532265625 0.5234271890625 0.5825575203125 0.5232952703125 0.57071704375 0.5064086109375 0.5696030765625 0.4761469296875 0.55923149375 0.4642349390625 0.5791845359375001 0.4459482203125 0.5800387984375
7 0.3327452234375 0.536344603125 0.30106050156249997 0.5343873890624999 0.288150175 0.541312796875 0.2898600296875 0.550133246875 0.3025465140625 0.557151909375 0.31154347968749996 0.5733660171875 0.3343401734375 0.5773957390625 0.352403046875 0.5904855421875 0.3957069734375 0.6057721968750001 0.41032715625 0.6076672390625 0.420793125 0.6025747031249999 0.4281491796875 0.5906299515625 0.432751078125 0.5697293890624999 0.39482354375 0.5605138765625 0.39380222656249997 0.55393238125 0.354652515625 0.545633303125 0.3327452234375 0.536344603125
7 0.26935279687499997 0.5388763140624999 0.26532452968750003 0.5942465140625 0.2798527875 0.6219261015625 0.2871628796875 0.6228736234375 0.305518540625 0.6026809484375 0.311721359375 0.5723142203125 0.3112336828125 0.5625773359374999 0.29803654062499996 0.5522679234375001 0.29617178593750004 0.5380531328125 0.276353090625 0.5290351531249999 0.26935279687499997 0.5388763140624999
7 0.32646749062499997 0.6365670406249999 0.371533203125 0.5972645703125 0.34547169843750003 0.5809882921875 0.3301629765625 0.576854296875 0.29660753125 0.6111995921875 0.2944729703125 0.6238211453125 0.30573641406249996 0.6392541781250001 0.32646749062499997 0.6365670406249999
7 0.1631151703125 0.5928216921875 0.1649799265625 0.6070364828125 0.2154790359375 0.655501340625 0.230632859375 0.654240996875 0.2408120109375 0.63191364375 0.24154651249999998 0.621260321875 0.22068351874999997 0.6121069796875 0.1953794953125 0.5787312421874999 0.1764042390625 0.57734655625 0.1714925421875 0.5874584375 0.1631151703125 0.5928216921875
7 0.21167461250000003 0.696927471875 0.2927971359375 0.703143021875 0.30573044375 0.6897714781250001 0.2598502421875 0.6644772203125 0.2212111890625 0.6594688921875 0.20987879999999998 0.6633742703125 0.2030563875 0.672163634375 0.20074394843749999 0.6858369828125 0.21167461250000003 0.696927471875
7 0.36387839375 0.693009103125 0.3827157625 0.7330706140625 0.39797851875 0.75009688125 0.4096436875 0.750534046875 0.4215097140625 0.74347328125 0.4257558546875 0.724676309375 0.42284679843750006 0.710326159375 0.407630003125 0.680407615625 0.36659255625 0.6643398875 0.361835759375 0.6798461109375 0.36387839375 0.693009103125
7 0.252935903125 0.69905113125 0.2494472453125 0.7007486421875 0.24817910625 0.714557353125 0.254398934375 0.7282617874999999 0.28417293906249996 0.728896484375 0.31468144531250003 0.718877859375 0.3350567625 0.7182943140625 0.340989775 0.71476393125 0.3474794109375 0.7016320234375 0.3053746828125 0.6918750703125001 0.2900199984375 0.7006333484375 0.252935903125 0.69905113125