10 0.7483303968749999 0.4689507640625 0.673358271875 0.4486430421875 0.651852884375 0.4575276640625 0.6113340859374999 0.448443584375 0.59644664375 0.4523963328125 0.5641827078125 0.48001119374999995 0.55204005625 0.512866171875 0.52774596875 0.60000801875 0.53048783125 0.6360542109375 0.6746194265625001 0.7345647703125 0.72229693125 0.764500521875 0.7396617125 0.769414265625 0.786531 0.7535307375 0.9194393984375001 0.6592449390625 0.90182765625 0.584287715625 0.7483303968749999 0.4689507640625
10 0.6030762953125001 0.4188886078125 0.6058298671875 0.4263589453125 0.7932572546875 0.484272215625 0.8326740390625 0.491796953125 0.8718292249999999 0.464998028125 0.891953434375 0.46309418124999996 0.8779268968749999 0.3842748671875 0.8685583093749999 0.3745924375 0.74121853125 0.3337956765625 0.7188902921875 0.3325808375 0.6513384703125 0.3674484484375 0.6030762953125001 0.4188886078125
10 0.4938363296875 0.6074239578125 0.50489160625 0.5372898171875 0.44179175156249995 0.471235346875 0.41643370468749996 0.46394632500000005 0.411470246875 0.46764522968750005 0.3987839046875 0.4818606265625 0.3894006796875 0.507898015625 0.29039899375 0.6019118390625 0.2799049703125 0.6478217749999999 0.2862378953125 0.6657179484375 0.2820914375 0.693804240625 0.29421652656249997 0.7038130453125 0.38161339375000003 0.6755817078125 0.40477619374999996 0.658320153125 0.48473519375 0.6177772625 0.4938363296875 0.6074239578125
10 0 0.6016096953125001 0.0026063046875 0.6021293875 0.0053598765625 0.609599725 0.0588236890625 0.6459360328125 0.083079721875 0.6516657125 0.2325007765625 0.62363383125 0.257594296875 0.60374315625 0.2917830984375 0.5877870984375 0.2945454515625 0.5738255453125001 0.2661663796875 0.53903045 0.260941325 0.5084056921875 0.2529509859375 0.49888645 0.1231543625 0.399215453125 0.09091091875 0.37682256875000003 0.074648153125 0.37346816718750003 0.0421138375 0.38819125625 0.016476628125 0.3894423515625 0 0.397537028125 0 0.6016096953125001
10 0 0.39880866875 0.020871535937499998 0.38819765156249997 0.041304134375 0.3855738640625 0.0635224171875 0.3781184625 0.08428 0.3738521375 0.11556853125 0.391845371875 0.1547967578125 0.4242267953125 0.2024556015625 0.4601279359375 0.24054983281250003 0.4898535703125 0.2582183546875 0.5053936671875 0.2630741578125 0.526981278125 0.272635325 0.5415614515625 0.2815689109375 0.504796384375 0.2574196734375 0.475881353125 0.20084790625 0.4263173 0.1630752140625 0.4033537921875 0.1223845625 0.37836378125 0.0721258546875 0.355602925 0.006945484375 0.341161403125 0.004662753125 0.34221475625000003 0 0.3657813453125 0 0.39880866875
10 0 0.72327406875 0.1116960765625 0.736499071875 0.104899821875 0.7057723328125001 0.099720759375 0.681624925 0.095841625 0.650907375 0.070383846875 0.64957414375 0.054494120312500005 0.6460117609375 0.0248287828125 0.6240081765625 0.0032673546875 0.611369184375 0 0.605115309375 0 0.72327406875
10 0.38667396875 0.4348713046875 0.40223182343749997 0.45688555312499995 0.4421151859375 0.47337490937500004 0.4317467234375 0.45029408281250005 0.426572828125 0.4135396796875 0.42043947812500004 0.3438919 0.42045325624999996 0.31027324843750004 0.386888121875 0.3079800953125 0.3832892015625 0.3848806265625 0.38667396875 0.4348713046875
8 0.2477683765625 0.364674221875 0.23190825468749998 0.3878014421875 0.21453029843750002 0.415035534375 0.24209091093750001 0.42901522343750004 0.2923926515625 0.4456875 0.3388388046875 0.45333009375 0.3469789703125 0.43357540468750005 0.3489155453125 0.41665835468749995 0.35485168125 0.39378497968750004 0.3458959828125 0.3855803 0.32660194374999996 0.3797236984375 0.27216691718749997 0.3589898796875 0.2477683765625 0.364674221875
8 0.0615708765625 0.3326260890625 0.06556311718749999 0.344529675 0.0845779953125 0.35892639375 0.11847738593749998 0.3765143296875 0.1696005140625 0.40685804843750006 0.1844835671875 0.4136212453125 0.19427236406249998 0.40692151406250004 0.1985496234375 0.3959970515625 0.19855255 0.3888530890625 0.2039303609375 0.38305995 0.2086234375 0.366469275 0.214968071875 0.35578959375 0.20036271874999997 0.34405826093749997 0.143036 0.31655218125 0.1058276359375 0.301430184375 0.08487179218749999 0.31466645781249997 0.0615708765625 0.3326260890625
8 0.8902535734375 0.575058584375 0.90292820625 0.5894190421875 0.9053982265625 0.61614544375 0.9164139796875 0.6424548109375 0.9315776609374999 0.63710590625 0.927722071875 0.6280762265625001 0.9351672593749999 0.6225278703125 0.9285595609374999 0.6024558718749999 0.9127243203125 0.5648594015625 0.8887664796875001 0.504153840625 0.8636934500000001 0.474036771875 0.8403925328125 0.49199640312500004 0.8348736765625 0.5056315828125 0.8412007484374999 0.5378156828125 0.8671054093749999 0.5566003203125 0.8902535734375 0.575058584375
8 0.9048882 0.5153502828125001 0.9130151921874999 0.527743428125 0.9178302875 0.5497464734374999 0.9394635453125 0.565167646875 0.9629380328125 0.5748474234375001 0.9780231374999999 0.498603975 0.9799974578124999 0.45015065937500004 0.9681847203125 0.4378274078125 0.94682476875 0.42815404218750003 0.9280788109375001 0.43022107500000006 0.9017510124999999 0.434962559375 0.8925102953125 0.44958592656249996 0.8922282062500001 0.4652700078125 0.8824408734375 0.4683977578125 0.8822954359375 0.4869557453125 0.8908353171875 0.5008266390625 0.9048882 0.5153502828125001
10 0.887703053125 0.7447911796875 0.9042449828124999 0.7396054624999999 0.9328325921875 0.727006965625 0.9624645078125 0.5772407265624999 0.9506262 0.5693470484375001 0.9220885171875001 0.585257775 0.9313145984375 0.6063542281250001 0.934340015625 0.6231443546875 0.9291003218749999 0.6282394140625 0.93254155625 0.6393633265625 0.9154486187499999 0.643769375 0.918061146875 0.659081753125 0.8605685031249999 0.7001414046875001 0.8265148906249999 0.722543346875 0.8533893062500001 0.729297478125 0.887703053125 0.7447911796875